S Values  MC Estimate
7005.6900000000005 1070.7525459756157
7006.6900000000005 1071.9004524631841
7007.6900000000005 1077.27906039065
7008.6900000000005 1077.825579359294
7009.6900000000005 1074.3340183978219
7010.6900000000005 1083.1890073162092
7011.6900000000005 1082.437726538063
7012.6900000000005 1086.7597529629388
7013.6900000000005 1083.264410642355
7014.6900000000005 1082.0488932079743
7015.6900000000005 1091.8345237089154
7016.6900000000005 1092.6357557957585
7017.6900000000005 1091.1491141394088
7018.6900000000005 1096.3597628475893
7019.6900000000005 1094.749233292473
7020.6900000000005 1097.3877263073373
7021.6900000000005 1094.1927864444608
7022.6900000000005 1099.5660898637093
7023.6900000000005 1100.9135676027656
7024.6900000000005 1105.030165046185
7025.6900000000005 1104.2945203544791
7026.6900000000005 1111.915548716744
7027.6900000000005 1108.8758733203774
7028.6900000000005 1107.4336730845068
7029.6900000000005 1112.759307561917
7030.6900000000005 1115.0251735406678
7031.6900000000005 1120.185366883036
7032.6900000000005 1120.8955501943726
7033.6900000000005 1120.682855902261
7034.6900000000005 1125.618637178609
7035.6900000000005 1125.9732607744802
7036.6900000000005 1125.5154824767542
7037.6900000000005 1127.883198711314
7038.6900000000005 1136.8263747376775
7039.6900000000005 1132.03199341908
7040.6900000000005 1133.5233631707003
7041.6900000000005 1131.0171872209269
7042.6900000000005 1135.6288487569682
7043.6900000000005 1137.439805297442
7044.6900000000005 1136.0114150557267
7045.6900000000005 1141.772276164595
7046.6900000000005 1147.616911477169
7047.6900000000005 1145.1990288950828
7048.6900000000005 1144.8358067707757
7049.6900000000005 1145.4120700563242
7050.6900000000005 1149.9681110524762
7051.6900000000005 1150.4802530413112
7052.6900000000005 1152.4832097580247
7053.6900000000005 1156.409426432473
7054.6900000000005 1161.7807898566614
7055.6900000000005 1160.4511121000003
7056.6900000000005 1161.6354395849753
7057.6900000000005 1166.893495589473
7058.6900000000005 1161.6980679277037
7059.6900000000005 1163.604213908005
7060.6900000000005 1172.0884716302292
7061.6900000000005 1174.6898360189286
7062.6900000000005 1176.200055937086
7063.6900000000005 1176.3110039911276
7064.6900000000005 1172.0517994898935
7065.6900000000005 1177.0338860364675
7066.6900000000005 1182.2866887439382
7067.6900000000005 1181.6214398803281
7068.6900000000005 1183.340575364127
7069.6900000000005 1187.3713007723975
7070.6900000000005 1185.7179099961456
7071.6900000000005 1191.0481358615646
7072.6900000000005 1191.4367710978395
7073.6900000000005 1190.5557576930273
7074.6900000000005 1198.6500921653442
7075.6900000000005 1197.806161843709
7076.6900000000005 1200.7127505029844
7077.6900000000005 1202.2252709922677
7078.6900000000005 1206.3630274875886
7079.6900000000005 1209.2145033862855
7080.6900000000005 1204.5041239232705
7081.6900000000005 1209.9355207159238
7082.6900000000005 1210.1823454402124
7083.6900000000005 1217.4321834648142
7084.6900000000005 1218.4093571298324
7085.6900000000005 1219.0881785004026
7086.6900000000005 1221.1294476172886
7087.6900000000005 1225.3186191498028
7088.6900000000005 1225.342325296418
7089.6900000000005 1226.0669278619653
7090.6900000000005 1226.5666089220408
7091.6900000000005 1232.1390908119492
7092.6900000000005 1233.894934475656
7093.6900000000005 1231.0023485741185
7094.6900000000005 1231.711228176807
7095.6900000000005 1239.0763250064122
7096.6900000000005 1242.9811662727845
7097.6900000000005 1244.4617665101325
7098.6900000000005 1244.4809696709722
7099.6900000000005 1244.2729652459718
7100.6900000000005 1246.8751467980503
7101.6900000000005 1253.2158893569201
7102.6900000000005 1251.1138314511427
7103.6900000000005 1256.2669604624673
7104.6900000000005 1257.2781777969046
7105.6900000000005 1261.825158661819
7106.6900000000005 1262.7801883790762
7107.6900000000005 1265.529155837027
7108.6900000000005 1268.4961367290543
7109.6900000000005 1271.8250764440377
7110.6900000000005 1271.2485223019016
7111.6900000000005 1274.1192964388595
7112.6900000000005 1277.3849509670677
7113.6900000000005 1274.5787943880198
7114.6900000000005 1283.5963685356019
7115.6900000000005 1278.0010092030504
7116.6900000000005 1282.168037968902
7117.6900000000005 1288.2793615644784
7118.6900000000005 1289.3559653269724
7119.6900000000005 1291.616763692504
7120.6900000000005 1292.448935983255
7121.6900000000005 1293.839484848322
7122.6900000000005 1300.8673825121994
7123.6900000000005 1298.0072551837845
7124.6900000000005 1303.0397397175018
7125.6900000000005 1304.2013351140472
7126.6900000000005 1305.9290379368788
7127.6900000000005 1308.6284711895576
7128.6900000000005 1310.8693256175602
7129.6900000000005 1312.1856088769107
7130.6900000000005 1312.9527668693263
7131.6900000000005 1317.6002751986362
7132.6900000000005 1321.6571153784041
7133.6900000000005 1318.8787493958287
7134.6900000000005 1323.918173814499
7135.6900000000005 1325.6388308366134
7136.6900000000005 1325.7179637265642
7137.6900000000005 1328.5671437584572
7138.6900000000005 1328.78484379877
7139.6900000000005 1336.377165824269
7140.6900000000005 1339.0832476667697
7141.6900000000005 1335.930152316505
7142.6900000000005 1345.304816027815
7143.6900000000005 1346.1486099366346
7144.6900000000005 1347.2461730236116
7145.6900000000005 1344.5769346200473
7146.6900000000005 1348.9004897242723
7147.6900000000005 1348.7629442814823
7148.6900000000005 1354.732665407789
7149.6900000000005 1357.782027847425
7150.6900000000005 1358.717181712898
7151.6900000000005 1358.5784778669897
7152.6900000000005 1363.3409000545184
7153.6900000000005 1363.5100133822014
7154.6900000000005 1368.521832034525
7155.6900000000005 1370.207769999466
7156.6900000000005 1379.585723846313
7157.6900000000005 1375.1759551045056
7158.6900000000005 1378.8148496158233
7159.6900000000005 1381.6989708070846
7160.6900000000005 1385.1155428555182
7161.6900000000005 1386.954919310822
7162.6900000000005 1388.1647440207532
7163.6900000000005 1390.2461041981255
7164.6900000000005 1394.9764796824927
7165.6900000000005 1393.436072678578
7166.6900000000005 1401.7989192422433
7167.6900000000005 1404.851907829158
7168.6900000000005 1406.2837900968927
7169.6900000000005 1403.1475746215888
7170.6900000000005 1409.3311973599477
7171.6900000000005 1407.8061120377565
7172.6900000000005 1410.4647465505363
7173.6900000000005 1415.3934715967157
7174.6900000000005 1418.7144958454662
7175.6900000000005 1418.755561675333
7176.6900000000005 1425.463712191625
7177.6900000000005 1422.5884263233615
7178.6900000000005 1435.1393433577623
7179.6900000000005 1428.278407552644
7180.6900000000005 1437.2355718214887
7181.6900000000005 1429.8897190312675
7182.6900000000005 1441.6076317850413
7183.6900000000005 1435.4303219413703
7184.6900000000005 1442.9012227664527
7185.6900000000005 1448.3445806214536
7186.6900000000005 1450.4424310337495
7187.6900000000005 1457.5101082604892
7188.6900000000005 1454.253371998438
7189.6900000000005 1458.3958972112628
7190.6900000000005 1459.1685799804848
7191.6900000000005 1464.1357397509967
7192.6900000000005 1467.975804179714
7193.6900000000005 1465.9545503345503
7194.6900000000005 1471.5565397174057
7195.6900000000005 1477.349166641851
7196.6900000000005 1476.3351369515967
7197.6900000000005 1475.3226971318197
7198.6900000000005 1479.1662691198271
7199.6900000000005 1486.1924122869707
7200.6900000000005 1485.496106003387
7201.6900000000005 1488.320361854448
7202.6900000000005 1486.070863110426
7203.6900000000005 1497.1757052793423
7204.6900000000005 1494.3199877133354
7205.6900000000005 1495.1761350317213
7206.6900000000005 1507.1848400449887
7207.6900000000005 1506.0013701123
7208.6900000000005 1509.8794490349005
7209.6900000000005 1508.2400247102094
7210.6900000000005 1513.135271319557
7211.6900000000005 1516.5469970384038
7212.6900000000005 1518.9036635587656
7213.6900000000005 1520.7960592117256
7214.6900000000005 1527.8033186889832
7215.6900000000005 1526.6072421039248
7216.6900000000005 1531.1234719695801
7217.6900000000005 1530.7189152295089
7218.6900000000005 1532.3665194600385
7219.6900000000005 1535.8885555337617
7220.6900000000005 1542.5182699105994
7221.6900000000005 1541.028058756593
7222.6900000000005 1546.9933101790516
7223.6900000000005 1550.8833014493866
7224.6900000000005 1546.080328647554
7225.6900000000005 1551.7720983716874
7226.6900000000005 1556.734610753616
7227.6900000000005 1562.3056336825546
7228.6900000000005 1563.042970379287
7229.6900000000005 1565.4037123524874
7230.6900000000005 1573.9057113951594
7231.6900000000005 1569.4845271492186
7232.6900000000005 1573.8731307719268
7233.6900000000005 1583.5074342828925
7234.6900000000005 1583.1792921801366
7235.6900000000005 1579.0632517059812
7236.6900000000005 1587.0495647078117
7237.6900000000005 1587.9159848499617
7238.6900000000005 1590.9637803271755
7239.6900000000005 1598.634212361735
7240.6900000000005 1602.968606728542
7241.6900000000005 1596.6075901272545
7242.6900000000005 1607.6282612316
7243.6900000000005 1608.8818363608848
7244.6900000000005 1613.3938901002098
7245.6900000000005 1617.0106016690195
7246.6900000000005 1623.66505169117
7247.6900000000005 1616.8030371508517
7248.6900000000005 1625.3615421893862
7249.6900000000005 1624.9874357340043
7250.6900000000005 1623.9554519538706
7251.6900000000005 1632.6735360105479
7252.6900000000005 1635.6127755900145
7253.6900000000005 1638.8829343899126
7254.6900000000005 1640.2945546598112
7255.6900000000005 1641.9798285689146
7256.6900000000005 1650.4484636442094
7257.6900000000005 1650.3182958516447
7258.6900000000005 1655.5201244161744
7259.6900000000005 1656.152100079145
7260.6900000000005 1662.0032097770306
7261.6900000000005 1660.0568117453158
7262.6900000000005 1668.3199800119291
7263.6900000000005 1668.824964903165
7264.6900000000005 1672.7597154462208
7265.6900000000005 1677.0450265876905
7266.6900000000005 1678.208885334228
7267.6900000000005 1686.3937777172473
7268.6900000000005 1683.920776143235
7269.6900000000005 1691.2618716700908
7270.6900000000005 1696.0330116624357
7271.6900000000005 1701.7612550390309
7272.6900000000005 1698.486706499344
7273.6900000000005 1705.0506717761893
7274.6900000000005 1707.427393469159
7275.6900000000005 1707.2047416261119
7276.6900000000005 1713.5621166279623
7277.6900000000005 1711.9143194880899
7278.6900000000005 1722.158428090233
7279.6900000000005 1721.4624776246926
7280.6900000000005 1723.3667832636859
7281.6900000000005 1731.3875738944364
7282.6900000000005 1733.5932277243846
7283.6900000000005 1732.7539858387463
7284.6900000000005 1735.8703137122282
7285.6900000000005 1742.5623447115372
7286.6900000000005 1743.8279337136505
7287.6900000000005 1747.0156685697837
7288.6900000000005 1752.166260187658
7289.6900000000005 1757.1853520051902
7290.6900000000005 1760.796563568799
7291.6900000000005 1767.297957052394
7292.6900000000005 1765.041826592551
7293.6900000000005 1769.487820852042
7294.6900000000005 1774.5937055754111
7295.6900000000005 1778.868992496
7296.6900000000005 1781.4993551894534
7297.6900000000005 1787.689643146269
7298.6900000000005 1789.3970122161943
7299.6900000000005 1791.0754138010757
7300.6900000000005 1801.27881151493
7301.6900000000005 1794.648113157645
7302.6900000000005 1799.6034459930286
7303.6900000000005 1807.6010001234008
7304.6900000000005 1805.6983991854163
7305.6900000000005 1813.4459211712199
7306.6900000000005 1815.346309278925
7307.6900000000005 1821.0502460993453
7308.6900000000005 1821.6428630062906
7309.6900000000005 1825.0971018918638
7310.6900000000005 1826.5382772558337
7311.6900000000005 1838.7918641986357
7312.6900000000005 1838.802693665751
7313.6900000000005 1842.915833896263
7314.6900000000005 1849.217102461535
7315.6900000000005 1845.6871198874185
7316.6900000000005 1854.661613126194
7317.6900000000005 1856.6937059822092
7318.6900000000005 1855.8231847393697
7319.6900000000005 1864.0340345008165
7320.6900000000005 1864.8343063480393
7321.6900000000005 1866.8645778025646
7322.6900000000005 1874.0326974622285
7323.6900000000005 1878.6025389667186
7324.6900000000005 1884.982444418678
7325.6900000000005 1885.9333236181637
7326.6900000000005 1885.7705108529824
7327.6900000000005 1896.5431036604202
7328.6900000000005 1895.4428660155274
7329.6900000000005 1900.2437356281696
7330.6900000000005 1907.9010673019163
7331.6900000000005 1908.2946122503754
7332.6900000000005 1909.6404810814554
7333.6900000000005 1916.1772771501564
7334.6900000000005 1919.8855986896149
7335.6900000000005 1924.5300249171833
7336.6900000000005 1929.4545188940724
7337.6900000000005 1929.6079906363443
7338.6900000000005 1939.6534212088418
7339.6900000000005 1941.4540943048062
7340.6900000000005 1941.6377901836165
7341.6900000000005 1946.4635634540891
7342.6900000000005 1956.62273941198
7343.6900000000005 1960.2009484539503
7344.6900000000005 1963.58927663779
7345.6900000000005 1962.0231313647712
7346.6900000000005 1971.6421528761223
7347.6900000000005 1974.7169847193238
7348.6900000000005 1966.4404683212101
7349.6900000000005 1981.152875614578
7350.6900000000005 1981.8333413343084
7351.6900000000005 1990.785289732099
7352.6900000000005 1989.865179483898
7353.6900000000005 1990.7351323946802
7354.6900000000005 2001.316162683378
7355.6900000000005 2005.156563689641
7356.6900000000005 2006.245656712805
7357.6900000000005 2010.7622533524204
7358.6900000000005 2017.497428409291
7359.6900000000005 2027.6389327402776
7360.6900000000005 2024.0445775839223
7361.6900000000005 2027.5676911748699
7362.6900000000005 2041.0938959354135
7363.6900000000005 2044.1821548981802
7364.6900000000005 2041.9345949311776
7365.6900000000005 2049.756762352494
7366.6900000000005 2052.6239693550388
7367.6900000000005 2053.754081339384
7368.6900000000005 2059.3923405842665
7369.6900000000005 2070.686589058624
7370.6900000000005 2070.2616358199257
7371.6900000000005 2066.3864941247957
7372.6900000000005 2079.4322053139285
7373.6900000000005 2081.825490886441
7374.6900000000005 2083.2910201144414
7375.6900000000005 2093.5315075817152
7376.6900000000005 2090.0858441141672
7377.6900000000005 2099.155514807524
7378.6900000000005 2099.34999438823
7379.6900000000005 2107.7103177835274
7380.6900000000005 2112.3271529913286
7381.6900000000005 2116.025217060119
7382.6900000000005 2117.8708642935167
7383.6900000000005 2130.657471094226
7384.6900000000005 2129.1426919003684
7385.6900000000005 2127.496259684365
7386.6900000000005 2132.0563916552705
7387.6900000000005 2141.62431317001
7388.6900000000005 2152.2510470674197
7389.6900000000005 2147.9501924786937
7390.6900000000005 2157.238262048384
7391.6900000000005 2162.3122313957642
7392.6900000000005 2167.8116057492834
7393.6900000000005 2175.951581985609
7394.6900000000005 2177.3123239740403
7395.6900000000005 2182.0619015908887
7396.6900000000005 2190.1299859278256
7397.6900000000005 2188.310891648174
7398.6900000000005 2196.7421453001543
7399.6900000000005 2198.4578785383396
7400.6900000000005 2210.329492963126
7401.6900000000005 2206.631744654979
7402.6900000000005 2213.878355573416
7403.6900000000005 2220.493936572966
7404.6900000000005 2225.180661417157
7405.6900000000005 2234.9373484331923
7406.6900000000005 2235.0897494276655
7407.6900000000005 2238.953380767361
7408.6900000000005 2245.8386857277073
7409.6900000000005 2246.040921842237
7410.6900000000005 2249.9711644772096
7411.6900000000005 2262.6302301037126
7412.6900000000005 2262.1375580973904
7413.6900000000005 2265.1963072496997
7414.6900000000005 2270.7570152520743
7415.6900000000005 2275.649858251926
7416.6900000000005 2283.718511784661
7417.6900000000005 2281.9555331173074
7418.6900000000005 2287.793449739836
7419.6900000000005 2292.63917471299
7420.6900000000005 2299.5200749132914
7421.6900000000005 2313.729183528838
7422.6900000000005 2305.304530083987
7423.6900000000005 2321.268230171768
7424.6900000000005 2323.951261684867
7425.6900000000005 2332.994346156079
7426.6900000000005 2336.0318553504244
7427.6900000000005 2341.416263699648
7428.6900000000005 2347.066354698796
7429.6900000000005 2348.8366499035737
7430.6900000000005 2355.5395067806735
7431.6900000000005 2355.3935647774274
7432.6900000000005 2366.9339091559136
7433.6900000000005 2373.671921694967
7434.6900000000005 2371.9678741544753
7435.6900000000005 2383.828554905353
7436.6900000000005 2386.11048181874
7437.6900000000005 2394.080278226849
7438.6900000000005 2400.791423632832
7439.6900000000005 2405.161081077616
7440.6900000000005 2405.1679057134793
7441.6900000000005 2410.829667650149
7442.6900000000005 2423.5670321786365
7443.6900000000005 2417.9157682834298
7444.6900000000005 2433.95515442927
7445.6900000000005 2435.890248705624
7446.6900000000005 2438.995538174116
7447.6900000000005 2447.5419057315085
7448.6900000000005 2449.914673587295
7449.6900000000005 2450.4929805636916
7450.6900000000005 2460.5599835440985
7451.6900000000005 2463.8842967146134
7452.6900000000005 2476.5584983253593
7453.6900000000005 2486.701386107989
7454.6900000000005 2489.33056223396
7455.6900000000005 2497.9829419613843
7456.6900000000005 2495.52199896187
7457.6900000000005 2494.1837544678547
7458.6900000000005 2506.6789466882956
7459.6900000000005 2510.3153243014394
7460.6900000000005 2514.3793439333526
7461.6900000000005 2531.833048878606
7462.6900000000005 2523.2627246430475
7463.6900000000005 2541.3874669489096
7464.6900000000005 2540.677401833314
7465.6900000000005 2551.920410903518
7466.6900000000005 2552.5463428159173
7467.6900000000005 2561.4355083471955
7468.6900000000005 2564.2266978930306
7469.6900000000005 2575.929304491898
7470.6900000000005 2579.498239238755
7471.6900000000005 2581.2115408195446
7472.6900000000005 2585.2410494652668
7473.6900000000005 2597.6384989579897
7474.6900000000005 2601.1659614008
7475.6900000000005 2614.9722338380534
7476.6900000000005 2612.7180701498455
7477.6900000000005 2615.1949798182636
7478.6900000000005 2628.1611162359495
7479.6900000000005 2631.5609278637958
7480.6900000000005 2641.8987562453585
7481.6900000000005 2642.661199375801
7482.6900000000005 2649.951747496185
7483.6900000000005 2666.8105066244243
7484.6900000000005 2663.260410064352
7485.6900000000005 2672.1684429066054
7486.6900000000005 2678.0873326876786
7487.6900000000005 2684.5362717375815
7488.6900000000005 2687.8123182039612
7489.6900000000005 2699.6874715813415
7490.6900000000005 2703.4421661978054
7491.6900000000005 2717.06294526983
7492.6900000000005 2712.7641174581854
7493.6900000000005 2718.6495232974635
7494.6900000000005 2724.2701635223307
7495.6900000000005 2732.8182782788126
7496.6900000000005 2734.9214643637747
7497.6900000000005 2745.848191042911
7498.6900000000005 2754.9933839327655
7499.6900000000005 2756.140207615451
7500.6900000000005 2767.1223055086216
7501.6900000000005 2775.67925962577
7502.6900000000005 2779.555360053985
7503.6900000000005 2785.798306906929
7504.6900000000005 2796.404887277522
7505.6900000000005 2802.3023034157513
7506.6900000000005 2803.0265688110317
7507.6900000000005 2814.558136229089
7508.6900000000005 2813.7671443458594
7509.6900000000005 2818.069749264482
7510.6900000000005 2833.6186914793234
7511.6900000000005 2844.7416816414934
7512.6900000000005 2844.7652724076993
7513.6900000000005 2859.650782159017
7514.6900000000005 2870.906064753689
7515.6900000000005 2864.8896508429593
7516.6900000000005 2880.16094675913
7517.6900000000005 2878.3955835243287
7518.6900000000005 2887.6421522044034
7519.6900000000005 2891.8793324455405
7520.6900000000005 2901.1594713327822
7521.6900000000005 2911.6667560050323
7522.6900000000005 2905.266267735346
7523.6900000000005 2921.8201816472683
7524.6900000000005 2931.801554116969
7525.6900000000005 2933.760455022386
7526.6900000000005 2948.769729305204
7527.6900000000005 2945.971045130199
7528.6900000000005 2956.7065096860106
7529.6900000000005 2961.759801646809
7530.6900000000005 2964.9510881827537
7531.6900000000005 2978.7775499858
7532.6900000000005 2989.134622613334
7533.6900000000005 2992.572284698709
7534.6900000000005 3005.983532061595
7535.6900000000005 3013.3767753465727
7536.6900000000005 3019.4703733991314
7537.6900000000005 3027.798897871602
7538.6900000000005 3035.1542720797634
7539.6900000000005 3038.4485804531437
7540.6900000000005 3037.912631227368
7541.6900000000005 3057.475214776209
7542.6900000000005 3055.7319775966284
7543.6900000000005 3065.818803763463
7544.6900000000005 3080.9272763879903
7545.6900000000005 3078.2179301005854
7546.6900000000005 3094.2272575216193
7547.6900000000005 3097.5047496949455
7548.6900000000005 3104.6833116910116
7549.6900000000005 3121.6641323822955
7550.6900000000005 3117.1669748337863
7551.6900000000005 3129.594739761476
7552.6900000000005 3139.0319893788046
7553.6900000000005 3144.589873406523
7554.6900000000005 3156.7000252551284
7555.6900000000005 3166.460686854183
7556.6900000000005 3175.381032644301
7557.6900000000005 3175.994108061416
7558.6900000000005 3185.3502430475414
7559.6900000000005 3188.695086383238
7560.6900000000005 3198.632954289541
7561.6900000000005 3216.711590344055
7562.6900000000005 3217.6122395287193
7563.6900000000005 3230.7668934941285
7564.6900000000005 3227.530522524574
7565.6900000000005 3243.1024154822007
7566.6900000000005 3257.0165169997363
7567.6900000000005 3267.324130137397
7568.6900000000005 3279.585497642046
7569.6900000000005 3273.8842286648814
7570.6900000000005 3293.012585265109
7571.6900000000005 3300.8299799137003
7572.6900000000005 3293.114910778623
7573.6900000000005 3307.3917921771604
7574.6900000000005 3315.7700240573645
7575.6900000000005 3326.931984662327
7576.6900000000005 3332.91958864435
7577.6900000000005 3347.224689731493
7578.6900000000005 3348.155756370751
7579.6900000000005 3373.768186377829
7580.6900000000005 3374.914960359043
7581.6900000000005 3384.845003166783
7582.6900000000005 3381.049905753234
7583.6900000000005 3400.464297301305
7584.6900000000005 3404.5240207990264
7585.6900000000005 3421.1291543935017
7586.6900000000005 3415.136533009836
7587.6900000000005 3432.3921446487875
7588.6900000000005 3439.9308030422053
7589.6900000000005 3457.038534351952
7590.6900000000005 3462.699435862343
7591.6900000000005 3468.532938515886
7592.6900000000005 3477.7238307547423
7593.6900000000005 3485.8050809722426
7594.6900000000005 3499.737517048037
7595.6900000000005 3494.2189862916534
7596.6900000000005 3521.2077620616587
7597.6900000000005 3529.105471089681
7598.6900000000005 3538.7050639025024
7599.6900000000005 3543.0138740016073
7600.6900000000005 3548.5409145606395
7601.6900000000005 3563.8057728570557
7602.6900000000005 3572.453632984267
7603.6900000000005 3576.9925386885793
7604.6900000000005 3584.011276669221
7605.6900000000005 3602.693889293342
7606.6900000000005 3608.2895037090084
7607.6900000000005 3620.214487319281
7608.6900000000005 3627.771091080909
7609.6900000000005 3641.016198395853
7610.6900000000005 3650.4723477128227
7611.6900000000005 3651.7373655444158
7612.6900000000005 3664.150251130864
7613.6900000000005 3675.9656409290387
7614.6900000000005 3701.923060513436
7615.6900000000005 3688.4004525934793
7616.6900000000005 3706.094489598159
7617.6900000000005 3707.917463404124
7618.6900000000005 3727.1337046383014
7619.6900000000005 3730.4401847668514
7620.6900000000005 3752.33557431265
7621.6900000000005 3770.2609553315137
7622.6900000000005 3756.4346206446285
7623.6900000000005 3779.1009335805193
7624.6900000000005 3788.41005688344
7625.6900000000005 3795.2489941015197
7626.6900000000005 3815.6791113866293
7627.6900000000005 3822.338834228591
7628.6900000000005 3837.5027602556224
7629.6900000000005 3846.26242028884
7630.6900000000005 3849.5119776729107
7631.6900000000005 3860.8161881400256
7632.6900000000005 3873.935762118134
7633.6900000000005 3877.5749422333624
7634.6900000000005 3900.498674694648
7635.6900000000005 3908.6930437648953
7636.6900000000005 3915.217177292893
7637.6900000000005 3933.390529213089
7638.6900000000005 3933.5624414455838
7639.6900000000005 3942.829696593717
7640.6900000000005 3963.180210097187
7641.6900000000005 3988.357147951968
7642.6900000000005 3983.285121370685
7643.6900000000005 3990.8319846574545
7644.6900000000005 3988.979989656411
7645.6900000000005 4011.387837108379
7646.6900000000005 4014.3206533650296
7647.6900000000005 4044.271976537907
7648.6900000000005 4040.111700609002
7649.6900000000005 4047.8738319347513
7650.6900000000005 4059.245697401023
7651.6900000000005 4076.61935012318
7652.6900000000005 4091.578989060786
7653.6900000000005 4113.167482060295
7654.6900000000005 4108.985610215977
7655.6900000000005 4132.761413186671
7656.6900000000005 4137.795235823684
7657.6900000000005 4154.15685638639
7658.6900000000005 4159.447851351583
7659.6900000000005 4177.077584162449
7660.6900000000005 4184.972509988873
7661.6900000000005 4194.941690306981
7662.6900000000005 4209.606023420606
7663.6900000000005 4222.759177897078
7664.6900000000005 4237.969059434422
7665.6900000000005 4241.9764620253745
7666.6900000000005 4265.864822906582
7667.6900000000005 4263.372555008617
7668.6900000000005 4279.099730458905
7669.6900000000005 4288.235428841015
7670.6900000000005 4307.025701398288
7671.6900000000005 4328.372400609432
7672.6900000000005 4317.835838849642
7673.6900000000005 4349.3022446547675
7674.6900000000005 4345.790416216229
7675.6900000000005 4365.941698180795
7676.6900000000005 4369.150219294922
7677.6900000000005 4397.180696329681
7678.6900000000005 4416.419926592959
7679.6900000000005 4416.492627575806
7680.6900000000005 4423.42943831723
7681.6900000000005 4452.888384351042
7682.6900000000005 4447.8832745534655
7683.6900000000005 4474.98759109635
7684.6900000000005 4505.277715938725
7685.6900000000005 4484.189375771656
7686.6900000000005 4516.281609475968
7687.6900000000005 4537.125875863791
7688.6900000000005 4542.736222039879
7689.6900000000005 4556.3703836171335
7690.6900000000005 4556.899036419044
7691.6900000000005 4571.163491365292
7692.6900000000005 4590.776796111568
7693.6900000000005 4603.195572826469
7694.6900000000005 4626.405094478618
7695.6900000000005 4638.289782330311
7696.6900000000005 4644.654007417956
7697.6900000000005 4651.968468386253
7698.6900000000005 4683.2936598368315
7699.6900000000005 4690.08223731166
7700.6900000000005 4710.5582663653495
7701.6900000000005 4724.597679533862
7702.6900000000005 4727.450645486723
7703.6900000000005 4735.3179816604315
7704.6900000000005 4755.985055741279
7705.6900000000005 4754.574187335584
7706.6900000000005 4794.426249322087
7707.6900000000005 4791.05774783784
7708.6900000000005 4817.98145033222
7709.6900000000005 4832.916368444394
7710.6900000000005 4839.9075721907475
7711.6900000000005 4859.3887900772015
7712.6900000000005 4861.211088953574
7713.6900000000005 4882.620316713836
7714.6900000000005 4896.043683333044
7715.6900000000005 4928.825511607396
7716.6900000000005 4938.37218172048
7717.6900000000005 4942.0417679412185
7718.6900000000005 4965.032891499863
7719.6900000000005 4966.507985718878
7720.6900000000005 4979.169929480536
7721.6900000000005 4994.986459975635
7722.6900000000005 5014.999302168129
7723.6900000000005 5042.832753833309
7724.6900000000005 5055.716527795085
7725.6900000000005 5059.280495275048
7726.6900000000005 5107.7097546088735
7727.6900000000005 5099.556441377134
7728.6900000000005 5092.514847545678
7729.6900000000005 5142.277733958334
7730.6900000000005 5139.6347125431585
7731.6900000000005 5172.65448334368
7732.6900000000005 5170.2113540924265
7733.6900000000005 5181.469750547916
7734.6900000000005 5196.872959858436
7735.6900000000005 5221.698880369195
7736.6900000000005 5235.44157028769
7737.6900000000005 5255.0898242181265
7738.6900000000005 5272.560091598463
7739.6900000000005 5291.223964194949
7740.6900000000005 5314.7745594150165
7741.6900000000005 5330.1741539595205
7742.6900000000005 5356.127297212298
7743.6900000000005 5359.981562591193
7744.6900000000005 5375.607890246086
7745.6900000000005 5386.287299854906
7746.6900000000005 5411.7462443686745
7747.6900000000005 5435.660791775379
7748.6900000000005 5450.178634563167
7749.6900000000005 5449.949559126366
7750.6900000000005 5480.5752420838635
7751.6900000000005 5505.790047587411
7752.6900000000005 5505.595156182282
7753.6900000000005 5529.545977590394
7754.6900000000005 5545.817303580174
7755.6900000000005 5563.952688203736
7756.6900000000005 5582.1648742036905
7757.6900000000005 5601.830389651287
7758.6900000000005 5628.749599874508
7759.6900000000005 5629.617567343955
7760.6900000000005 5644.972266567261
7761.6900000000005 5670.726571413227
7762.6900000000005 5690.517719724336
7763.6900000000005 5704.670864732236
7764.6900000000005 5735.612710659051
7765.6900000000005 5733.650910421076
7766.6900000000005 5757.638030292346
7767.6900000000005 5798.069417048981
7768.6900000000005 5792.33028528391
7769.6900000000005 5824.702846457353
7770.6900000000005 5851.681238339668
7771.6900000000005 5858.466822389662
7772.6900000000005 5888.001483252411
7773.6900000000005 5900.938062178685
7774.6900000000005 5909.771674977637
7775.6900000000005 5942.50358647599
7776.6900000000005 5956.664976895453
7777.6900000000005 5958.290569607478
7778.6900000000005 5982.926319352778
7779.6900000000005 6014.405384032669
7780.6900000000005 6018.150323750612
7781.6900000000005 6056.101134229128
7782.6900000000005 6075.37616227746
7783.6900000000005 6090.30677023967
7784.6900000000005 6109.55926068194
7785.6900000000005 6129.270605840106
7786.6900000000005 6160.696771297744
7787.6900000000005 6183.615843008043
7788.6900000000005 6199.433844317273
7789.6900000000005 6224.047202342077
7790.6900000000005 6245.100233036751
7791.6900000000005 6262.025497604671
7792.6900000000005 6282.63635248148
7793.6900000000005 6288.132490642306
7794.6900000000005 6316.591291481501
7795.6900000000005 6357.915028852124
7796.6900000000005 6365.870795573323
7797.6900000000005 6386.7940691378635
7798.6900000000005 6399.895894900384
7799.6900000000005 6420.065800097
7800.6900000000005 6453.127598560239
7801.6900000000005 6462.984154660695
7802.6900000000005 6480.631118277975
7803.6900000000005 6497.842982641502
7804.6900000000005 6518.366727282765
7805.6900000000005 6570.462048787309
7806.6900000000005 6573.318935193275
7807.6900000000005 6602.966148503915
7808.6900000000005 6613.295744639561
7809.6900000000005 6651.5381936782
7810.6900000000005 6671.363520549501
7811.6900000000005 6696.3896861599615
7812.6900000000005 6712.160226302907
7813.6900000000005 6746.402625473644
7814.6900000000005 6772.03363453997
7815.6900000000005 6768.374600679074
7816.6900000000005 6791.834830150877
7817.6900000000005 6809.370136239016
7818.6900000000005 6834.939661760883
7819.6900000000005 6868.592283766241
7820.6900000000005 6896.405786703964
7821.6900000000005 6899.442288672096
7822.6900000000005 6953.824527318772
7823.6900000000005 6964.0529953936775
7824.6900000000005 6980.346187105541
7825.6900000000005 7001.240481257721
7826.6900000000005 7039.742462531606
7827.6900000000005 7053.349582296596
7828.6900000000005 7075.619900368578
7829.6900000000005 7107.384601375009
7830.6900000000005 7147.7749797719625
7831.6900000000005 7148.875398355102
7832.6900000000005 7178.7587161228075
7833.6900000000005 7224.138145886196
7834.6900000000005 7243.933446611368
7835.6900000000005 7255.185350793569
7836.6900000000005 7301.850179155655
7837.6900000000005 7315.980130373718
7838.6900000000005 7341.7045857535195
7839.6900000000005 7350.176406095804
7840.6900000000005 7377.991991055328
7841.6900000000005 7420.543934981896
7842.6900000000005 7459.544340590321
7843.6900000000005 7481.6997962538435
7844.6900000000005 7509.345249345623
7845.6900000000005 7537.463846263627
7846.6900000000005 7544.201484942657
7847.6900000000005 7576.580300114846
7848.6900000000005 7602.119495658527
7849.6900000000005 7651.376503072513
7850.6900000000005 7672.626307472374
7851.6900000000005 7712.337127328204
7852.6900000000005 7700.9514796802705
7853.6900000000005 7745.93167978084
7854.6900000000005 7752.831811822606
7855.6900000000005 7820.338072465786
7856.6900000000005 7815.368410196511
7857.6900000000005 7850.364593861508
7858.6900000000005 7912.219207371083
7859.6900000000005 7915.128505511433
7860.6900000000005 7982.868348649133
7861.6900000000005 7966.332061654161
7862.6900000000005 8021.07971882161
7863.6900000000005 8032.273311496656
7864.6900000000005 8064.072660133578
7865.6900000000005 8100.8740192475325
7866.6900000000005 8132.967239462693
7867.6900000000005 8139.959510106503
7868.6900000000005 8194.305953147084
7869.6900000000005 8208.926430569827
7870.6900000000005 8231.462161277608
7871.6900000000005 8277.691527391347
7872.6900000000005 8291.861573160062
7873.6900000000005 8333.659938968129
7874.6900000000005 8380.306360221426
7875.6900000000005 8383.9090598949
7876.6900000000005 8422.608407235602
7877.6900000000005 8420.803121909763
7878.6900000000005 8504.074413108257
7879.6900000000005 8497.37757973185
7880.6900000000005 8565.060044662809
7881.6900000000005 8583.457204350543
7882.6900000000005 8617.395098654762
7883.6900000000005 8641.773373366093
7884.6900000000005 8665.976102545794
7885.6900000000005 8718.193707711996
7886.6900000000005 8736.02719059605
7887.6900000000005 8765.550899912596
7888.6900000000005 8798.291363694741
7889.6900000000005 8861.123622568972
7890.6900000000005 8895.908521802345
7891.6900000000005 8918.37305251632
7892.6900000000005 8919.411873282317
7893.6900000000005 8948.428288641951
7894.6900000000005 9004.670030533334
7895.6900000000005 9029.55243877957
7896.6900000000005 9083.936263224685
7897.6900000000005 9132.589287909328
7898.6900000000005 9155.456620360641
7899.6900000000005 9200.485601782362
7900.6900000000005 9205.015411633067
7901.6900000000005 9236.800741093763
7902.6900000000005 9306.837882180494
7903.6900000000005 9304.300420054704
7904.6900000000005 9353.66149202747
7905.6900000000005 9412.8247398841
7906.6900000000005 9451.777541750916
7907.6900000000005 9480.61443112357
7908.6900000000005 9505.199349991983
7909.6900000000005 9527.97456705331
7910.6900000000005 9583.37670390413
7911.6900000000005 9632.743319251853
7912.6900000000005 9692.194077502292
7913.6900000000005 9688.341546086787
7914.6900000000005 9729.834804211474
7915.6900000000005 9754.110775195948
7916.6900000000005 9803.466735776818
7917.6900000000005 9836.24373159841
7918.6900000000005 9881.028056756239
7919.6900000000005 9935.800646380712
7920.6900000000005 9977.460005191562
7921.6900000000005 10010.872661408242
7922.6900000000005 10054.51541135257
7923.6900000000005 10097.770913161457
7924.6900000000005 10102.572501257282
7925.6900000000005 10150.126138605137
7926.6900000000005 10197.109834914409
7927.6900000000005 10257.270540052295
7928.6900000000005 10246.401342772555
7929.6900000000005 10300.295296889522
7930.6900000000005 10356.667686780262
7931.6900000000005 10417.46897330178
7932.6900000000005 10455.84441979617
7933.6900000000005 10472.47976398974
7934.6900000000005 10494.64450965537
7935.6900000000005 10569.357072409755
7936.6900000000005 10614.123310141233
7937.6900000000005 10633.094618879784
7938.6900000000005 10687.864165790912
7939.6900000000005 10716.353811562145
7940.6900000000005 10799.833692085382
7941.6900000000005 10842.001219111662
7942.6900000000005 10868.07981484266
7943.6900000000005 10892.183245849625
7944.6900000000005 10977.183340805277
7945.6900000000005 10987.700373279067
7946.6900000000005 11049.350752886872
7947.6900000000005 11093.20506083671
7948.6900000000005 11164.255202668872
7949.6900000000005 11188.153351987123
7950.6900000000005 11258.962105646733
7951.6900000000005 11258.46628331692
7952.6900000000005 11316.808175080454
7953.6900000000005 11359.037814568741
7954.6900000000005 11389.610726421692
7955.6900000000005 11433.530728944468
7956.6900000000005 11504.184214375438
7957.6900000000005 11572.174101960401
7958.6900000000005 11593.456600690291
7959.6900000000005 11668.641381329604
7960.6900000000005 11702.807309814227
7961.6900000000005 11749.820492944627
7962.6900000000005 11789.512668205438
7963.6900000000005 11809.017877440303
7964.6900000000005 11892.459353991484
7965.6900000000005 11945.490534471464
7966.6900000000005 12000.409019531557
7967.6900000000005 12042.39171479626
7968.6900000000005 12074.609280129454
7969.6900000000005 12143.018519541023
7970.6900000000005 12209.738004921619
7971.6900000000005 12228.613166662066
7972.6900000000005 12301.39969499917
7973.6900000000005 12312.938150237096
7974.6900000000005 12429.107764073455
7975.6900000000005 12442.299181012833
7976.6900000000005 12481.001380413742
7977.6900000000005 12521.76827556157
7978.6900000000005 12615.973797641482
7979.6900000000005 12664.483970941576
7980.6900000000005 12678.621399374393
7981.6900000000005 12749.5146447842
7982.6900000000005 12788.324089495558
7983.6900000000005 12828.668465707298
7984.6900000000005 12924.92363075512
7985.6900000000005 12984.624565078411
7986.6900000000005 13049.179361843357
7987.6900000000005 13121.53264178452
7988.6900000000005 13132.193844915
7989.6900000000005 13172.24139809182
7990.6900000000005 13252.81249657129
7991.6900000000005 13296.804439797941
7992.6900000000005 13335.195391454628
7993.6900000000005 13414.098628792934
7994.6900000000005 13442.34649003673
7995.6900000000005 13537.213721849886
7996.6900000000005 13580.46374024252
7997.6900000000005 13653.490350612732
7998.6900000000005 13746.763977185541
7999.6900000000005 13775.505411503334
8000.6900000000005 13821.84977106315
8001.6900000000005 13872.982857674639
8002.6900000000005 13967.076689182046
8003.6900000000005 13979.41933106562
8004.6900000000005 14060.829449971145
8005.6900000000005 14135.864889365408
8006.6900000000005 14145.39992071892
8007.6900000000005 14224.566045586113
8008.6900000000005 14303.71980487018
8009.6900000000005 14356.478881855088
8010.6900000000005 14419.971765611577
8011.6900000000005 14512.101919049152
8012.6900000000005 14563.364100437942
8013.6900000000005 14591.716226319913
8014.6900000000005 14671.134592215083
8015.6900000000005 14763.08888736081
8016.6900000000005 14823.030961729128
8017.6900000000005 14916.24620443365
8018.6900000000005 14983.493211022616
8019.6900000000005 15032.928490296685
8020.6900000000005 15069.210819513624
8021.6900000000005 15163.727918059241
8022.6900000000005 15219.89028175432
8023.6900000000005 15289.235605080119
8024.6900000000005 15311.819825720166
8025.6900000000005 15435.135576269471
8026.6900000000005 15512.926495697577
8027.6900000000005 15554.362848531951
8028.6900000000005 15561.90061585831
8029.6900000000005 15626.144709084214
8030.6900000000005 15755.557144626366
8031.6900000000005 15851.072610157467
8032.6900000000005 15926.603420934736
8033.6900000000005 15983.583974882502
8034.6900000000005 16009.147278407478
8035.6900000000005 16133.54270471331
8036.6900000000005 16141.967949359758
8037.6900000000005 16247.089819663403
8038.6900000000005 16294.025513458933
8039.6900000000005 16406.50305582823
8040.6900000000005 16471.803633763957
8041.6900000000005 16573.07258810085
8042.6900000000005 16656.110325337035
8043.6900000000005 16675.754887269588
8044.6900000000005 16759.12947283031
8045.6900000000005 16842.70894211383
8046.6900000000005 16940.707328177854
8047.6900000000005 16963.074310969932
8048.6900000000005 17097.80329122449
8049.6900000000005 17094.816932345737
8050.6900000000005 17236.415061315995
8051.6900000000005 17295.755134242714
8052.6900000000005 17412.991843266114
8053.6900000000005 17403.99787932078
8054.6900000000005 17505.735604242225
8055.6900000000005 17588.740858813708
8056.6900000000005 17639.652213240097
8057.6900000000005 17815.967058367623
8058.6900000000005 17804.115436975655
8059.6900000000005 17928.48730522579
8060.6900000000005 18040.39626760712
8061.6900000000005 18110.256222523876
8062.6900000000005 18181.76088896751
8063.6900000000005 18207.901264896478
8064.6900000000005 18306.252904980494
8065.6900000000005 18401.00286434927
8066.6900000000005 18554.441019924103
8067.6900000000005 18546.198624943216
8068.6900000000005 18654.064353875838
8069.6900000000005 18812.872875599136
8070.6900000000005 18781.690694526704
8071.6900000000005 18825.390252708046
8072.6900000000005 19022.475404646517
8073.6900000000005 19053.60139421229
8074.6900000000005 19199.68637125042
8075.6900000000005 19253.133580283255
8076.6900000000005 19364.540607021787
8077.6900000000005 19502.417508550236
8078.6900000000005 19541.546612707043
8079.6900000000005 19601.63849162175
8080.6900000000005 19708.21775225385
8081.6900000000005 19827.2006000224
8082.6900000000005 19844.70922233532
8083.6900000000005 19908.733184576548
8084.6900000000005 19990.708851023388
8085.6900000000005 20202.288026959886
8086.6900000000005 20244.388123337132
8087.6900000000005 20317.76301206134
8088.6900000000005 20429.93678955183
8089.6900000000005 20521.642209736336
8090.6900000000005 20604.623503824507
8091.6900000000005 20738.106457944887
8092.6900000000005 20798.523708985223
8093.6900000000005 20896.692207941887
8094.6900000000005 20970.676442802942
8095.6900000000005 21051.31421884654
8096.6900000000005 21118.42218458181
8097.6900000000005 21293.801680396944
8098.6900000000005 21426.25365135528
8099.6900000000005 21505.541919357576
8100.6900000000005 21501.249286219798
8101.6900000000005 21701.764760480444
8102.6900000000005 21723.706454400854
8103.6900000000005 21848.517079687073
8104.6900000000005 21897.12624178857
8105.6900000000005 22057.163637710793
8106.6900000000005 22121.923747546334
8107.6900000000005 22264.655262620337
8108.6900000000005 22386.17327029474
8109.6900000000005 22426.769980104225
8110.6900000000005 22501.67580732852
8111.6900000000005 22713.701718322765
8112.6900000000005 22784.853218584678
8113.6900000000005 22894.802419186297
8114.6900000000005 23023.094729865657
8115.6900000000005 23073.333496195995
8116.6900000000005 23193.03329069389
8117.6900000000005 23262.491658964504
8118.6900000000005 23444.86110942653
8119.6900000000005 23452.525011051017
8120.6900000000005 23604.926545876402
8121.6900000000005 23670.04352024084
8122.6900000000005 23785.00280550763
8123.6900000000005 23864.332819836633
8124.6900000000005 24009.232344830096
8125.6900000000005 24150.772658001984
8126.6900000000005 24181.388694412126
8127.6900000000005 24334.060861337548
8128.6900000000005 24426.743419501705
8129.6900000000005 24527.224844691573
8130.6900000000005 24606.812362081022
8131.6900000000005 24818.076928147875
8132.6900000000005 24861.93539862584
8133.6900000000005 24982.293196710005
8134.6900000000005 25106.24581950298
8135.6900000000005 25219.68523533109
8136.6900000000005 25307.78707885335
8137.6900000000005 25449.143273013262
8138.6900000000005 25510.028648905005
8139.6900000000005 25588.428368126177
8140.6900000000005 25772.528961179694
8141.6900000000005 25974.30058006709
8142.6900000000005 26046.92772250567
8143.6900000000005 26133.163517377012
8144.6900000000005 26250.379297582065
8145.6900000000005 26261.39004469504
8146.6900000000005 26429.75343433951
8147.6900000000005 26668.223518926534
8148.6900000000005 26703.010583896743
8149.6900000000005 26684.307870446122
8150.6900000000005 26900.410396478732
8151.6900000000005 27045.885371064494
8152.6900000000005 27088.76771134451
8153.6900000000005 27240.179089209953
8154.6900000000005 27388.871102680092
8155.6900000000005 27498.994967310362
8156.6900000000005 27658.846859495017
8157.6900000000005 27697.91339607325
8158.6900000000005 27825.790424968127
8159.6900000000005 27989.889504916642
8160.6900000000005 28088.712104822527
8161.6900000000005 28202.364312592486
8162.6900000000005 28351.51226484222
8163.6900000000005 28389.298735954904
8164.6900000000005 28603.26444401894
8165.6900000000005 28674.03812906614
8166.6900000000005 28907.141570171054
8167.6900000000005 28778.783179407244
8168.6900000000005 29051.50368974115
8169.6900000000005 29141.241826253474
8170.6900000000005 29257.33868802746
8171.6900000000005 29315.678956100437
8172.6900000000005 29619.6970924196
8173.6900000000005 29668.81104722719
8174.6900000000005 29824.862381583185
8175.6900000000005 29881.964576055205
8176.6900000000005 29946.242503386537
8177.6900000000005 30127.5380209557
8178.6900000000005 30158.36463815181
8179.6900000000005 30421.178047287664
8180.6900000000005 30507.668953588334
8181.6900000000005 30566.140666533443
8182.6900000000005 30761.255824824075
8183.6900000000005 30887.276882678645
8184.6900000000005 31083.143840329805
8185.6900000000005 31083.148504257475
8186.6900000000005 31081.457158312238
8187.6900000000005 31276.977659990676
8188.6900000000005 31500.65056418222
8189.6900000000005 31640.46506691062
8190.6900000000005 31786.92243793017
8191.6900000000005 31882.374922544725
8192.69 31866.21436978005
8193.69 32079.07616787312
8194.69 32202.082419925206
8195.69 32398.392115502887
8196.69 32506.785343117506
8197.69 32580.435709126494
8198.69 32676.9834034586
8199.69 32841.68488381139
8200.69 33014.62119800977
8201.69 33107.75218293908
8202.69 33206.71683520495
8203.69 33267.628320160875
8204.69 33432.949319157866
8205.69 33442.43943238685
8206.69 33592.23643478964
8207.69 33755.716491608335
8208.69 33978.7282228743
8209.69 34034.0523954395
8210.69 34071.29937063301
8211.69 34289.78845186258
8212.69 34415.775490378444
8213.69 34588.889386262
8214.69 34574.52375239733
8215.69 34663.697828794415
8216.69 34913.4956389128
8217.69 34870.36699069525
8218.69 35077.51934109753
8219.69 35242.548610509664
8220.69 35395.330902789094
8221.69 35453.19936472362
8222.69 35508.84834979408
8223.69 35596.993110934054
8224.69 35774.83366933748
8225.69 35793.405433817956
8226.69 36064.93499887024
8227.69 36178.126177615835
8228.69 36175.99204049566
8229.69 36489.226991824784
8230.69 36346.36109804515
8231.69 36541.50817896726
8232.69 36618.4333264557
8233.69 36840.89610758979
8234.69 36911.301851875716
8235.69 36972.151793818026
8236.69 37176.25538968
8237.69 37221.178145620026
8238.69 37194.73429705765
8239.69 37340.60286257493
8240.69 37386.59969315104
8241.69 37588.40017080166
8242.69 37771.10330008442
8243.69 37859.340280625715
8244.69 38039.39239253436
8245.69 38080.27789500361
8246.69 38104.90561452481
8247.69 38187.69044224454
8248.69 38424.34360176601
8249.69 38384.01630402125
8250.69 38488.66953377209
8251.69 38656.52355120846
8252.69 38683.34652597389
8253.69 38898.29643374626
8254.69 38895.632792874814
8255.69 38964.101299047354
8256.69 39175.57412341726
8257.69 39263.47352712861
8258.69 39336.3032667432
8259.69 39261.62166099334
8260.69 39382.843338225684
8261.69 39556.21526899213
8262.69 39572.23128907482
8263.69 39812.255521339175
8264.69 39787.180940053164
8265.69 39830.50060097759
8266.69 39982.484132900216
8267.69 40031.0528669465
8268.69 40054.86357060241
8269.69 40232.445536614905
8270.69 40298.086416070626
8271.69 40334.3949610208
8272.69 40471.354301077045
8273.69 40371.44923310518
8274.69 40622.837801993184
8275.69 40575.72567079459
8276.69 40764.27499643725
8277.69 40789.76097496774
8278.69 40729.789668483
8279.69 40855.112097411984
8280.69 41056.9641629272
8281.69 41003.574290895616
8282.69 40979.2506770268
8283.69 41113.306668243014
8284.69 41251.52688091729
8285.69 41194.29946272234
8286.69 41120.940695387195
8287.69 41503.29173786245
8288.69 41474.62088589404
8289.69 41510.95744481624
8290.69 41632.035860848504
8291.69 41651.965141131
8292.69 41675.138052068105
8293.69 41599.37662839204
8294.69 41547.529079905624
8295.69 41707.51165181587
8296.69 41537.47119561281
8297.69 41830.68014936484
8298.69 42009.33759542995
8299.69 41730.567825268074
8300.69 41816.469716232205
8301.69 41952.76738899188
8302.69 41888.15057893193
8303.69 41955.94614695008
8304.69 41998.47768560977
8305.69 42002.94916872037
8306.69 42082.95567075455
8307.69 42015.523246233446
8308.69 42196.88609069236
8309.69 42209.79603161567
8310.69 42174.490572038565
8311.69 42250.070853638834
8312.69 42191.41473462837
8313.69 42089.27081714511
8314.69 42224.408784822794
8315.69 42020.19711957238
8316.69 42112.93514067127
8317.69 42206.03044719996
8318.69 42131.163637581885
8319.69 42351.866091634125
8320.69 42295.30413664749
8321.69 42283.362210310734
8322.69 42308.56118213015
8323.69 42215.12523317106
8324.69 42341.510844871205
8325.69 42294.543282898194
8326.69 42191.47440991493
8327.69 42190.24510957897
8328.69 42175.654943504866
8329.69 42306.36432616719
8330.69 42061.15409067896
8331.69 42106.29410697876
8332.69 42026.82830972711
8333.69 42067.05069402255
8334.69 41969.23603540682
8335.69 42093.84512223947
8336.69 42165.3061334552
8337.69 41879.55254605953
8338.69 41927.01981429407
8339.69 41925.33965166342
8340.69 41826.0464077651
8341.69 41817.75623358133
8342.69 41810.33995487609
8343.69 41811.71043539823
8344.69 41685.88144311809
8345.69 41725.188573693056
8346.69 41549.87539519587
8347.69 41735.884071334935
8348.69 41637.17192277719
8349.69 41483.33716268583
8350.69 41455.88663133652
8351.69 41391.65585819811
8352.69 41414.51855023648
8353.69 41414.83105188174
8354.69 41311.22592775129
8355.69 41197.38579632333
8356.69 41255.52499401847
8357.69 41012.93338029753
8358.69 41065.47266287377
8359.69 40892.55916626505
8360.69 41054.803636186814
8361.69 40906.087830869335
8362.69 40952.57731411999
8363.69 40929.450607877436
8364.69 40636.85134314381
8365.69 40640.269029924166
8366.69 40654.76824358414
8367.69 40257.44833214022
8368.69 40638.74153607138
8369.69 40322.352727073114
8370.69 40183.0018952051
8371.69 40295.75261740004
8372.69 40263.021378545105
8373.69 40098.39829715797
8374.69 40113.02090891277
8375.69 39832.196771683375
8376.69 39845.57929219094
8377.69 39753.515845326
8378.69 39827.9870580636
8379.69 39593.30517947715
8380.69 39496.644516497654
8381.69 39431.4034025435
8382.69 39402.98868247565
8383.69 39263.006115678836
8384.69 39069.907854627025
8385.69 38997.3238410066
8386.69 39098.91264099847
8387.69 38932.848145955744
8388.69 38886.83786542084
8389.69 38652.60435491995
8390.69 38619.091656788594
8391.69 38590.737402190716
8392.69 38374.82192483762
8393.69 38419.705713260075
8394.69 38285.47358657406
8395.69 38076.73731194642
8396.69 38132.153602987106
8397.69 37962.460899376216
8398.69 37871.872332905914
8399.69 37866.48341680533
8400.69 37597.59043907312
8401.69 37686.20161101337
8402.69 37408.9964331333
8403.69 37333.1208042798
8404.69 37267.076501643765
8405.69 37219.54564134031
8406.69 37130.62811893931
8407.69 36956.854268384894
8408.69 36910.459810012195
8409.69 36750.7159181315
8410.69 36765.74205059726
8411.69 36511.91331450615
8412.69 36409.9027502837
8413.69 36351.30682443531
8414.69 36226.34986678785
8415.69 36101.86486533196
8416.69 35994.85148602505
8417.69 35903.376530757436
8418.69 35723.10320303408
8419.69 35722.6491474841
8420.69 35685.65589541491
8421.69 35569.23795211544
8422.69 35226.69160525542
8423.69 35084.26516112115
8424.69 35059.013774324005
8425.69 35043.90077670727
8426.69 34836.57646876128
8427.69 34700.44853966673
8428.69 34590.65656857222
8429.69 34578.267855640996
8430.69 34317.11645097029
8431.69 34288.49965760924
8432.69 34133.81344683525
8433.69 34029.12567222007
8434.69 33885.59565542256
8435.69 33800.2161946055
8436.69 33761.93106629589
8437.69 33603.02044536535
8438.69 33487.636727247154
8439.69 33359.64940582706
8440.69 33219.85035447156
8441.69 33117.60342201778
8442.69 32987.34800715455
8443.69 32806.28877406232
8444.69 32674.528389590647
8445.69 32622.779607664474
8446.69 32486.49949800709
8447.69 32394.609155945345
8448.69 32142.477052948005
8449.69 32038.125785720295
8450.69 32118.20450411385
8451.69 31800.8021015174
8452.69 31759.771825852964
8453.69 31719.591951888775
8454.69 31633.387575670233
8455.69 31448.56723475354
8456.69 31400.08325369148
8457.69 31273.830788524552
8458.69 31101.364086605867
8459.69 30906.065064106948
8460.69 30861.59822613195
8461.69 30661.10462775244
8462.69 30602.502249680994
8463.69 30539.693359578847
8464.69 30254.604183624408
8465.69 30200.355326288867
8466.69 30101.77399831011
8467.69 30002.737866677064
8468.69 29922.972752466434
8469.69 29738.91464342311
8470.69 29620.057457540555
8471.69 29679.694909923965
8472.69 29450.594030696797
8473.69 29247.96270461232
8474.69 29170.506123694784
8475.69 29111.414221458024
8476.69 28926.658493351253
8477.69 28843.642946482927
8478.69 28674.488451098397
8479.69 28714.91881563109
8480.69 28496.02419463406
8481.69 28472.995192437724
8482.69 28302.095970178303
8483.69 28167.382436653246
8484.69 28040.722360381722
8485.69 27889.858830147416
8486.69 27852.81397739497
8487.69 27736.674844282355
8488.69 27637.945855769893
8489.69 27458.627188415303
8490.69 27382.890952199177
8491.69 27268.904616027878
8492.69 27176.942429726976
8493.69 27029.377218163652
8494.69 26912.88366698188
8495.69 26848.6052574088
8496.69 26720.158136326747
8497.69 26561.293554538122
8498.69 26563.465762757845
8499.69 26467.901299190704
8500.69 26325.07083140193
8501.69 26150.51580637022
8502.69 26041.130937283422
8503.69 25884.709831075234
8504.69 25842.09065003582
8505.69 25758.322511336304
8506.69 25667.26392906086
8507.69 25537.14404895548
8508.69 25431.150291184524
8509.69 25332.884809079307
8510.69 25173.21871999483
8511.69 25193.103219742115
8512.69 25039.98021255482
8513.69 24862.569128699226
8514.69 24725.777475147566
8515.69 24687.433690545993
8516.69 24658.396356477468
8517.69 24559.788901633823
8518.69 24379.684635388436
8519.69 24247.355380650213
8520.69 24050.73928829089
8521.69 24071.22609296499
8522.69 24089.464963080405
8523.69 23832.210886293906
8524.69 23729.67486861023
8525.69 23674.247630453014
8526.69 23544.569033379114
8527.69 23441.31927262601
8528.69 23384.781170574952
8529.69 23369.44117094958
8530.69 23266.786031668384
8531.69 23119.192746054985
8532.69 23011.251075228938
8533.69 22863.070660271464
8534.69 22859.634322900765
8535.69 22696.996907060242
8536.69 22597.12306529196
8537.69 22435.105883346732
8538.69 22445.68388056564
8539.69 22332.896226940687
8540.69 22227.498967947577
8541.69 22089.13227116864
8542.69 22007.983863233916
8543.69 21969.500197085017
8544.69 21825.534634028005
8545.69 21759.397011383186
8546.69 21661.163277615167
8547.69 21512.625703030782
8548.69 21379.28516185773
8549.69 21448.061144008054
8550.69 21361.385202733774
8551.69 21189.07804554001
8552.69 21210.73487975497
8553.69 21042.52184789637
8554.69 20939.056884295664
8555.69 20834.18235117888
8556.69 20727.107330234772
8557.69 20733.631927021917
8558.69 20565.205332329235
8559.69 20455.092330579766
8560.69 20445.814734578533
8561.69 20319.082231016448
8562.69 20233.213175490688
8563.69 20122.627239326805
8564.69 20109.215329687355
8565.69 19996.020870338394
8566.69 19907.45175799565
8567.69 19833.77562416245
8568.69 19710.986198316867
8569.69 19743.79643290883
8570.69 19562.04566027975
8571.69 19441.621020848983
8572.69 19406.127530688533
8573.69 19331.312547219408
8574.69 19276.37307091692
8575.69 19149.811272363175
8576.69 19129.493223752765
8577.69 19025.70824356976
8578.69 18868.35661936402
8579.69 18900.064437917164
8580.69 18847.322155875656
8581.69 18705.009959262174
8582.69 18597.748954190065
8583.69 18478.532991546825
8584.69 18417.041638683317
8585.69 18344.762826147286
8586.69 18283.561649321873
8587.69 18173.29283354781
8588.69 18084.767240724894
8589.69 18059.998981714394
8590.69 17952.840535846062
8591.69 17940.731482453295
8592.69 17776.2163201975
8593.69 17713.85012858287
8594.69 17706.91050548274
8595.69 17639.35270317314
8596.69 17540.512296343124
8597.69 17468.50048940854
8598.69 17371.331914081657
8599.69 17229.84992273767
8600.69 17230.30287953295
8601.69 17193.305794563028
8602.69 17130.97032954008
8603.69 17095.004422373197
8604.69 16979.86796541249
8605.69 16850.968023279736
8606.69 16793.575579288645
8607.69 16713.31827946145
8608.69 16723.787467569146
8609.69 16663.341563895054
8610.69 16549.880133132818
8611.69 16534.340605135334
8612.69 16402.95973829872
8613.69 16363.412101919223
8614.69 16277.120035915214
8615.69 16230.566964763892
8616.69 16145.418927422703
8617.69 16061.1043971984
8618.69 16038.10527961951
8619.69 15921.706239431449
8620.69 15855.202904414176
8621.69 15867.940871037503
8622.69 15745.88084801421
8623.69 15712.43602750012
8624.69 15658.109203427686
8625.69 15564.350847008103
8626.69 15516.186624449301
8627.69 15508.014728034537
8628.69 15375.957964205112
8629.69 15362.303818828403
8630.69 15239.704007696639
8631.69 15192.621371454818
8632.69 15129.554557037429
8633.69 15087.512647163614
8634.69 15005.629701221927
8635.69 14910.819976014593
8636.69 14899.545411699688
8637.69 14871.345953055054
8638.69 14722.75137169962
8639.69 14693.377517796218
8640.69 14625.561678921698
8641.69 14585.67911970422
8642.69 14518.90502913554
8643.69 14496.902997702926
8644.69 14423.221288604982
8645.69 14388.008050816821
8646.69 14375.613858184013
8647.69 14188.149354869262
8648.69 14209.695128569707
8649.69 14127.245371279985
8650.69 14119.416403826537
8651.69 14071.897244964404
8652.69 13979.3177941181
8653.69 13904.647405233738
8654.69 13838.09887301296
8655.69 13803.476287465577
8656.69 13699.842640566603
8657.69 13724.717925050676
8658.69 13619.220233398824
8659.69 13629.014996770755
8660.69 13531.487304419277
8661.69 13491.433029575863
8662.69 13440.474762248052
8663.69 13427.044771462877
8664.69 13285.587290356896
8665.69 13312.902986463376
8666.69 13247.006475956641
8667.69 13173.807088602452
8668.69 13195.977649201086
8669.69 13057.874559876436
8670.69 13064.122097860885
8671.69 12930.505727480791
8672.69 12935.242085724962
8673.69 12898.8964788012
8674.69 12870.603242644378
8675.69 12738.41440044644
8676.69 12756.55237231907
8677.69 12681.579604686794
8678.69 12629.920018602661
8679.69 12555.983193231838
8680.69 12501.305041015372
8681.69 12497.583572015714
8682.69 12440.845203548031
8683.69 12382.157466924118
8684.69 12322.650122901698
8685.69 12326.49407623808
8686.69 12235.591651717077
8687.69 12209.974660807295
8688.69 12139.337789864738
8689.69 12111.897682004332
8690.69 12056.058354999912
8691.69 11982.19584480213
8692.69 11972.700568063687
8693.69 11942.771436613844
8694.69 11884.686113508895
8695.69 11832.521636087988
8696.69 11776.03222188298
8697.69 11791.964553685102
8698.69 11714.79465501549
8699.69 11674.640159766801
8700.69 11636.069536480454
8701.69 11615.670560387223
8702.69 11537.833408953746
8703.69 11512.486034479018
8704.69 11475.953298656283
8705.69 11392.59262217988
8706.69 11354.040036261147
8707.69 11348.35251440573
8708.69 11241.500412147752
8709.69 11276.380296419176
8710.69 11207.172338894998
8711.69 11167.469255075757
8712.69 11105.779630240064
8713.69 11056.461736805175
8714.69 11031.437287951561
8715.69 11023.500769942799
8716.69 10949.876744580732
8717.69 10929.154990421377
8718.69 10853.578113538313
8719.69 10818.610818644791
8720.69 10839.595859121227
8721.69 10780.48431726431
8722.69 10725.975453094403
8723.69 10676.593008527756
8724.69 10653.117366242943
8725.69 10583.477147787422
8726.69 10564.411958333874
8727.69 10545.336025246255
8728.69 10503.167789584393
8729.69 10456.549231175482
8730.69 10418.142653403966
8731.69 10412.321737982671
8732.69 10350.097785402215
8733.69 10292.542294173072
8734.69 10266.17812029448
8735.69 10241.639321710523
8736.69 10184.546074288928
8737.69 10188.589705882418
8738.69 10156.070572079881
8739.69 10119.051205009724
8740.69 10043.784538399059
8741.69 10030.754845159638
8742.69 9947.101893741878
8743.69 9956.662390858193
8744.69 9932.58622277013
8745.69 9864.909836343206
8746.69 9802.533834648211
8747.69 9810.126941360759
8748.69 9765.493992147454
8749.69 9692.489469522401
8750.69 9731.94388005505
8751.69 9674.480063477025
8752.69 9642.113784179466
8753.69 9619.153847085989
8754.69 9568.744755966289
8755.69 9547.635647042795
8756.69 9485.748006945907
8757.69 9471.132652192797
8758.69 9435.389006366186
8759.69 9420.420270191156
8760.69 9382.384900635287
8761.69 9350.295988441061
8762.69 9323.671413349553
8763.69 9264.556911474932
8764.69 9277.729527907737
8765.69 9223.469710998765
8766.69 9186.596228066366
8767.69 9148.915726307863
8768.69 9150.959058832861
8769.69 9108.86272851222
8770.69 9046.713123636142
8771.69 9041.206689455777
8772.69 8970.629155003922
8773.69 8985.907630873246
8774.69 8929.032236456416
8775.69 8903.572016621141
8776.69 8884.201420270492
8777.69 8865.122585445746
8778.69 8835.43575472241
8779.69 8822.019623974647
8780.69 8754.342181728047
8781.69 8740.880335731588
8782.69 8699.758716044938
8783.69 8679.784712774113
8784.69 8652.977718644861
8785.69 8613.803207715746
8786.69 8597.695359809757
8787.69 8624.877318956254
8788.69 8528.298328987004
8789.69 8526.946143896072
8790.69 8446.174799231947
8791.69 8478.04290738437
8792.69 8440.02659645612
8793.69 8423.352227382515
8794.69 8379.017491286108
8795.69 8311.766362129443
8796.69 8298.459123677043
8797.69 8299.120376343122
8798.69 8264.67737192822
8799.69 8225.953703745348
8800.69 8214.396873086771
8801.69 8206.34387745409
8802.69 8132.82890148841
8803.69 8120.829359386332
8804.69 8081.512293464301
8805.69 8087.3365013879275
8806.69 8076.805834456182
8807.69 8044.099547126314
8808.69 8037.921830054798
8809.69 7948.90064640193
8810.69 7912.547727291405
8811.69 7931.178231748024
8812.69 7913.04603784637
8813.69 7878.706441194567
8814.69 7886.559316464715
8815.69 7816.295133433835
8816.69 7789.462262239235
8817.69 7737.091329888941
8818.69 7726.131447164095
8819.69 7715.949113206052
8820.69 7707.410814998352
8821.69 7673.901467852919
8822.69 7642.552712796626
8823.69 7623.9706980198425
8824.69 7641.101202672551
8825.69 7555.729871152384
8826.69 7549.055201425263
8827.69 7546.764419555756
8828.69 7524.7898742070765
8829.69 7497.7977333465715
8830.69 7467.2684612867815
8831.69 7428.501663426778
8832.69 7454.170942647495
8833.69 7402.7401155713005
8834.69 7375.326777031516
8835.69 7359.07041255995
8836.69 7326.844065359953
8837.69 7290.858999680536
8838.69 7284.129777796102
8839.69 7248.767329433343
8840.69 7252.963215525768
8841.69 7217.194702802137
8842.69 7186.681484451557
8843.69 7165.886624498706
8844.69 7150.59783863018
8845.69 7085.071277601402
8846.69 7119.954496375201
8847.69 7069.066946729646
8848.69 7088.867719115828
8849.69 7067.3473446430135
8850.69 7002.141170483267
8851.69 6990.335089625726
8852.69 6974.112703297516
8853.69 6952.870377840904
8854.69 6955.062394610673
8855.69 6915.546279220606
8856.69 6884.685049631908
8857.69 6881.7704431182265
8858.69 6835.929863342612
8859.69 6829.386467361101
8860.69 6839.6329429729885
8861.69 6805.4547176529795
8862.69 6779.364046302357
8863.69 6768.148439080454
8864.69 6733.424434014938
8865.69 6713.640032719062
8866.69 6686.888318564587
8867.69 6689.961470247967
8868.69 6694.564011531668
8869.69 6624.005581493779
8870.69 6612.4878688364115
8871.69 6566.660809688134
8872.69 6563.82672553674
8873.69 6572.467841607661
8874.69 6523.351902291296
8875.69 6525.211102929945
8876.69 6502.290952646934
8877.69 6455.885914606825
8878.69 6468.638409202231
8879.69 6465.256002872391
8880.69 6408.0564295041695
8881.69 6424.577866838781
8882.69 6380.148450235559
8883.69 6334.792329260443
8884.69 6327.9791762568475
8885.69 6338.8127112056745
8886.69 6310.999255701352
8887.69 6282.851658714133
8888.69 6272.593690824446
8889.69 6251.492367704158
8890.69 6244.640097198516
8891.69 6245.58000993338
8892.69 6184.613481925713
8893.69 6137.63348541103
8894.69 6164.931755014536
8895.69 6144.273980160839
8896.69 6129.735841754969
8897.69 6111.471022005697
8898.69 6083.013030460311
8899.69 6084.437742996496
8900.69 6038.919207148623
8901.69 6057.24625222672
8902.69 6059.271821673458
8903.69 6011.095010052241
8904.69 6000.600655938184
8905.69 5977.800235933821
8906.69 5949.501590786344
8907.69 5984.6437490245125
8908.69 5956.9413794469265
8909.69 5877.905343694672
8910.69 5876.237724139249
8911.69 5897.6269267585885
8912.69 5839.269321688332
8913.69 5849.163288402767
8914.69 5819.865564903887
8915.69 5801.070844316869
8916.69 5798.10756077331
8917.69 5779.195214055389
8918.69 5768.896208978371
8919.69 5765.705734817654
8920.69 5712.080611962168
8921.69 5711.10454128805
8922.69 5684.47820031059
8923.69 5702.540758929633
8924.69 5653.357529500724
8925.69 5661.825344038066
8926.69 5642.2324390242775
8927.69 5590.391713388095
8928.69 5589.86558312246
8929.69 5584.739900433186
8930.69 5579.680341278464
8931.69 5570.282333655827
8932.69 5534.319022433428
8933.69 5527.460519903862
8934.69 5518.508616194047
8935.69 5507.673165277799
8936.69 5492.258874087191
8937.69 5467.245044041217
8938.69 5451.47211550331
8939.69 5439.662570478404
8940.69 5440.163632215771
8941.69 5394.2914359746255
8942.69 5390.697389938069
8943.69 5393.556542710815
8944.69 5337.401640907803
8945.69 5372.333129640155
8946.69 5351.817052517562
8947.69 5346.893520296573
8948.69 5303.399008000322
8949.69 5287.699702509786
8950.69 5275.498566759412
8951.69 5304.721565407994
8952.69 5281.218959345381
8953.69 5252.716829364561
8954.69 5246.734481038861
8955.69 5214.5594427847645
8956.69 5177.1364545488905
8957.69 5198.886952197743
8958.69 5186.977726528876
8959.69 5144.423399632336
8960.69 5161.013047266039
8961.69 5126.557311999294
8962.69 5120.779859367841
8963.69 5117.927041973569
8964.69 5101.219207693468
8965.69 5087.662060379307
8966.69 5083.075731451003
8967.69 5048.446743717543
8968.69 5049.403658201677
8969.69 5034.610241377796
8970.69 4996.6769133765665
8971.69 5010.839380138545
8972.69 5004.982408664408
8973.69 4974.026879845
8974.69 4956.707438240092
8975.69 4966.687930343357
8976.69 4933.523128008202
8977.69 4950.5850775555455
8978.69 4933.645315276244
8979.69 4914.2695512274595
8980.69 4873.718674385135
8981.69 4873.695500080627
8982.69 4880.479661799692
8983.69 4867.357020668463
8984.69 4845.290174661928
8985.69 4833.698270432162
8986.69 4844.231146009699
8987.69 4769.755276063048
8988.69 4786.139764801698
8989.69 4786.701663766351
8990.69 4753.727175251389
8991.69 4750.017835032589
8992.69 4756.179843542878
8993.69 4721.13561900944
8994.69 4707.77635235431
8995.69 4715.454230596927
8996.69 4691.932657214426
8997.69 4672.640157196886
8998.69 4657.398181733347
8999.69 4673.9309664129605
9000.69 4636.836582226065
9001.69 4639.00788334259
9002.69 4636.143900161185
9003.69 4627.581229515767
9004.69 4587.455993600048
9005.69 4584.954305319732
9006.69 4571.03209630041
9007.69 4560.119045753497
9008.69 4545.419754358576
9009.69 4537.890303043385
9010.69 4533.808360456579
9011.69 4523.2329408736
9012.69 4526.169874264821
9013.69 4507.2213141394595
9014.69 4482.738781033732
9015.69 4490.3653381119075
9016.69 4488.012218983199
9017.69 4459.546369843378
9018.69 4424.847486760492
9019.69 4415.724945362931
9020.69 4434.917261569091
9021.69 4424.529279694892
9022.69 4404.605264224198
9023.69 4380.5229175138475
9024.69 4384.902174655097
9025.69 4380.4114802889435
9026.69 4369.830251441411
9027.69 4361.156028433105
9028.69 4339.729030480152
9029.69 4327.1949380463275
9030.69 4318.894405968073
9031.69 4304.0449066630845
9032.69 4307.924848498366
9033.69 4295.172241016039
9034.69 4273.379848411423
9035.69 4261.484695712015
9036.69 4263.293420805332
9037.69 4270.008459006004
9038.69 4221.688402981012
9039.69 4247.7970811393425
9040.69 4205.581871638531
9041.69 4202.799878375314
9042.69 4198.515228776648
9043.69 4189.487111210357
9044.69 4178.414040416195
9045.69 4192.438660773782
9046.69 4162.603932555869
9047.69 4146.599213010648
9048.69 4143.867234805772
9049.69 4143.314378138727
9050.69 4135.656619135074
9051.69 4106.924723502919
9052.69 4106.428020122625
9053.69 4097.429784736266
9054.69 4075.470418720891
9055.69 4066.3957696211282
9056.69 4057.285209380383
9057.69 4044.589448332103
9058.69 4031.0208922534825
9059.69 4045.178156228849
9060.69 4025.9050499766336
9061.69 4037.4767709584958
9062.69 3997.280489092601
9063.69 3994.242858940302
9064.69 3978.8358934693265
9065.69 3985.638920108058
9066.69 3974.3295907442202
9067.69 3972.1470458746353
9068.69 3951.0529872807733
9069.69 3935.2949981950082
9070.69 3935.9370518659757
9071.69 3937.341709242543
9072.69 3928.1906553855247
9073.69 3905.2091528845185
9074.69 3898.4476673649474
9075.69 3888.8835117586045
9076.69 3892.3344376624236
9077.69 3861.9480283009693
9078.69 3850.2887222052086
9079.69 3857.665806587222
9080.69 3842.753312960803
9081.69 3834.2124297046175
9082.69 3829.1125929923123
9083.69 3815.825503825594
9084.69 3814.500294430572
9085.69 3777.397807169743
9086.69 3811.2030142867848
9087.69 3782.859916245621
9088.69 3792.263026187901
9089.69 3766.5506388436133
9090.69 3765.0800335844597
9091.69 3757.492742943954
9092.69 3745.3645889424583
9093.69 3739.6304868261686
9094.69 3733.673095160408
9095.69 3718.9480771328767
9096.69 3702.2934208543925
9097.69 3703.591030174681
9098.69 3688.054841281959
9099.69 3684.415875819363
9100.69 3674.5895234546324
9101.69 3665.3348096113496
9102.69 3658.4098742119054
9103.69 3659.3709442083855
9104.69 3652.2209959313222
9105.69 3641.3818199629927
9106.69 3610.4915324799963
9107.69 3611.8417878235996
9108.69 3618.2672678274957
9109.69 3623.953817647577
9110.69 3600.86908483279
9111.69 3595.777169538908
9112.69 3572.1777909277216
9113.69 3576.8679388247465
9114.69 3555.5393035944785
9115.69 3566.200386673103
9116.69 3556.716107747165
9117.69 3552.848027980888
9118.69 3539.630496095582
9119.69 3539.188579311909
9120.69 3515.0520143645394
9121.69 3521.132228687477
9122.69 3526.6046317441405
9123.69 3501.0728000590175
9124.69 3485.1712216485525
9125.69 3487.548331114442
9126.69 3476.64291867564
9127.69 3456.644810385136
9128.69 3464.240439559681
9129.69 3455.0430034182164
9130.69 3455.7553025036605
9131.69 3445.375872109338
9132.69 3432.853396198333
9133.69 3426.581200512011
9134.69 3418.192028828145
9135.69 3413.03388130897
9136.69 3414.765283743598
9137.69 3394.912233930362
9138.69 3382.707541058468
9139.69 3389.060905636215
9140.69 3368.371971046573
9141.69 3361.1945560194476
9142.69 3362.0335458369505
9143.69 3357.2205338446784
9144.69 3348.715182321795
9145.69 3338.823897555265
9146.69 3329.1704429873316
9147.69 3327.1018720142683
9148.69 3327.754000262814
9149.69 3314.388204177743
9150.69 3300.7310874750583
9151.69 3292.6609318685923
9152.69 3289.703292990349
9153.69 3296.3266426815117
9154.69 3281.9760104646516
9155.69 3267.8677084018027
9156.69 3267.3506698474403
9157.69 3259.994234769155
9158.69 3238.5949524255307
9159.69 3234.9383336812903
9160.69 3241.0075868740814
9161.69 3241.99722169521
9162.69 3209.579326835752
9163.69 3207.3290501413076
9164.69 3209.7970586981755
9165.69 3196.3053580175824
9166.69 3184.20546343233
9167.69 3211.2880346337324
9168.69 3173.580640398993
9169.69 3153.1314952386347
9170.69 3174.637687449184
9171.69 3153.629560213559
9172.69 3147.503607578038
9173.69 3142.9950120471967
9174.69 3148.3851207422977
9175.69 3142.264077164609
9176.69 3144.4455475839122
9177.69 3128.4039934636444
9178.69 3122.118470160374
9179.69 3113.985758044578
9180.69 3103.4929977438765
9181.69 3102.0240517054
9182.69 3085.3199681037067
9183.69 3098.8657824327706
9184.69 3075.240183989995
9185.69 3082.109045764507
9186.69 3082.9351188964347
9187.69 3058.7404477600917
9188.69 3068.9793608475366
9189.69 3049.0423267091223
9190.69 3045.967284992863
9191.69 3025.400522967674
9192.69 3040.086094017244
9193.69 3035.8545904898056
9194.69 3022.953496132396
9195.69 3009.941010023316
9196.69 3016.735582963789
9197.69 2989.256373014226
9198.69 2996.396975637795
9199.69 3008.981991510011
9200.69 2981.8607642339857
9201.69 2981.4565309246823
9202.69 2970.6649818855126
9203.69 2972.845502204669
9204.69 2958.0131181441475
9205.69 2963.4226815299635
9206.69 2950.9198401652993
9207.69 2942.579881374158
9208.69 2954.087233912258
9209.69 2928.5502225709006
9210.69 2929.3962985612407
9211.69 2908.2138472937013
9212.69 2917.749479384661
9213.69 2900.4900905187606
9214.69 2916.375221741281
9215.69 2898.98650252901
9216.69 2898.613765203942
9217.69 2881.172322813907
9218.69 2898.893983580213
9219.69 2881.1605022695526
9220.69 2873.5664232842564
9221.69 2864.9083189430703
9222.69 2853.9106688422858
9223.69 2852.351822933064
9224.69 2850.8873584921785
9225.69 2821.5147996082464
9226.69 2825.310068497036
9227.69 2820.305191568948
9228.69 2825.465944315263
9229.69 2822.70354328499
9230.69 2801.193134654793
9231.69 2813.319595819048
9232.69 2801.395226284559
9233.69 2804.903219287515
9234.69 2784.9573915737537
9235.69 2790.8334377940205
9236.69 2773.3938175097524
9237.69 2768.631261562544
9238.69 2766.029328946078
9239.69 2766.7246702471157
9240.69 2756.524052866805
9241.69 2755.699141307561
9242.69 2749.073777128474
9243.69 2748.892745750184
9244.69 2742.6081466009664
9245.69 2746.97500135138
9246.69 2719.139647582703
9247.69 2724.4956255834127
9248.69 2720.7825457236163
9249.69 2713.1571787424487
9250.69 2715.6100468742397
9251.69 2700.493182181312
9252.69 2688.5613022861003
9253.69 2691.4575233341484
9254.69 2699.3766300158054
9255.69 2682.405824218336
9256.69 2675.9504922206143
9257.69 2680.72124372164
9258.69 2667.729154815739
9259.69 2669.742154676514
9260.69 2653.137186935054
9261.69 2657.3998157194665
9262.69 2662.571241568373
9263.69 2649.8972762003013
9264.69 2637.1696362877087
9265.69 2640.303415670027
9266.69 2624.520452658308
9267.69 2624.2327203424065
9268.69 2626.300984557216
9269.69 2623.239488258764
9270.69 2610.6278219407395
9271.69 2606.4134352323986
9272.69 2608.3771674606633
9273.69 2592.279853061726
9274.69 2591.1348100402624
9275.69 2582.3604447453367
9276.69 2566.8683304975953
9277.69 2590.880675431145
9278.69 2574.671351441064
9279.69 2567.0396172012975
9280.69 2564.004459717639
9281.69 2562.7355977751863
9282.69 2550.184903505727
9283.69 2537.5615802821976
9284.69 2562.819260137434
9285.69 2542.160859384393
9286.69 2543.584600516339
9287.69 2532.168257702064
9288.69 2518.063024544207
9289.69 2517.109120205145
9290.69 2527.7839860191852
9291.69 2523.082309873445
9292.69 2507.142105080466
9293.69 2490.7597256782224
9294.69 2496.00449806268
9295.69 2490.151886506071
9296.69 2488.6510429899868
9297.69 2491.3251506108763
9298.69 2470.762068786441
9299.69 2479.597071092288
9300.69 2471.6742607897063
9301.69 2464.7987159181043
9302.69 2459.853754269953
9303.69 2466.4752368042814
9304.69 2452.694363675856
9305.69 2454.9206976040505
9306.69 2450.254960554266
9307.69 2447.682119688083
9308.69 2429.2016415676835
9309.69 2427.0996205315364
9310.69 2415.814536910755
9311.69 2421.178747697156
9312.69 2413.9861506515012
9313.69 2414.9376128077333
9314.69 2412.0220518620326
9315.69 2407.761842263466
9316.69 2409.6286894026935
9317.69 2407.2263193755994
9318.69 2398.5373771893487
9319.69 2393.852019853928
9320.69 2375.259343954171
9321.69 2383.060827620221
9322.69 2390.5866107737415
9323.69 2374.0711722008773
9324.69 2365.8390225914395
9325.69 2369.392925728079
9326.69 2359.9859282103193
9327.69 2360.7484285678893
9328.69 2354.3428394890434
9329.69 2342.5880750847764
9330.69 2337.6234563065677
9331.69 2346.1562161159877
9332.69 2341.07326285186
9333.69 2324.826631660456
9334.69 2338.595372872143
9335.69 2318.154127450161
9336.69 2332.3596008445
9337.69 2318.038473510215
9338.69 2310.716450150182
9339.69 2300.6207845859035
9340.69 2296.15784356439
9341.69 2303.8187590149278
9342.69 2296.5918865934414
9343.69 2291.785963752639
9344.69 2293.180658645949
9345.69 2279.3865844046372
9346.69 2281.4968024637114
9347.69 2287.87083657846
9348.69 2278.333837226578
9349.69 2279.7657050642565
9350.69 2266.622463550684
9351.69 2252.389749179405
9352.69 2275.2304168633277
9353.69 2250.8362748808877
9354.69 2246.372943186666
9355.69 2255.484549617218
9356.69 2239.762457893721
9357.69 2244.6764334621134
9358.69 2234.6028623572665
9359.69 2233.8368496430257
9360.69 2229.9242446446738
9361.69 2225.2987721409536
9362.69 2213.692633786378
9363.69 2221.229851087014
9364.69 2222.082641217348
9365.69 2201.733267093194
9366.69 2212.539902671751
9367.69 2207.723322453576
9368.69 2206.970956199546
9369.69 2193.5713788246517
9370.69 2195.1793347767866
9371.69 2190.6479679229124
9372.69 2182.640952323525
9373.69 2178.8932887119026
9374.69 2173.9595088672795
9375.69 2166.23273101949
9376.69 2158.9048593058355
9377.69 2164.6589129321133
9378.69 2158.3402435081575
9379.69 2158.8585192478004
9380.69 2162.1464537861525
9381.69 2161.070611253851
9382.69 2140.9664608468233
9383.69 2133.8880174158126
9384.69 2130.80876953068
9385.69 2138.9260468282273
9386.69 2135.268806188939
9387.69 2139.353271378542
9388.69 2122.5540487845788
9389.69 2127.1522972244634
9390.69 2118.963486683949
9391.69 2117.9306779211306
9392.69 2109.587669588668
9393.69 2111.1381495003075
9394.69 2107.38026423606
9395.69 2106.5397334746535
9396.69 2098.924414403777
9397.69 2095.2383701321587
9398.69 2086.4252941654827
9399.69 2094.1066230890324
9400.69 2092.1134654318253
9401.69 2080.4155062092696
9402.69 2074.703936403738
9403.69 2080.14198729474
9404.69 2074.464539865036
9405.69 2082.972873628446
9406.69 2075.0016220778493
9407.69 2068.3036837884374
9408.69 2052.442759026224
9409.69 2060.826249806787
9410.69 2053.360720711302
9411.69 2046.6262196072457
9412.69 2045.0495998942802
9413.69 2041.5635313194898
9414.69 2039.1299619194294
9415.69 2026.6369616590882
9416.69 2041.0095411895584
9417.69 2042.2015533654405
9418.69 2024.6463852228867
9419.69 2025.514367234349
9420.69 2018.0212550651463
9421.69 2000.2344044083195
9422.69 2010.1150270687158
9423.69 2012.0511079946561
9424.69 2009.9095511189628
9425.69 2009.1197336637567
9426.69 2006.3649589220865
9427.69 1993.2194070071791
9428.69 1987.2180055114281
9429.69 1994.9337684794657
9430.69 1995.6604706073085
9431.69 1984.6242494175922
9432.69 1978.307214422654
9433.69 1972.803616046461
9434.69 1976.3028955856782
9435.69 1977.065634486036
9436.69 1974.157358394396
9437.69 1971.67913634403
9438.69 1965.1531819502954
9439.69 1954.8521203325604
9440.69 1960.22938450733
9441.69 1955.429865457443
9442.69 1954.3616930729486
9443.69 1954.7399905903017
9444.69 1935.9468110829553
9445.69 1948.6604536668442
9446.69 1953.4607936909504
9447.69 1936.0706322749588
9448.69 1931.8128713067472
9449.69 1921.4489826927806
9450.69 1919.4579847903478
9451.69 1925.6253309863116
9452.69 1922.0949685685289
9453.69 1919.8901221524693
9454.69 1912.7998544827885
9455.69 1911.8192066602085
9456.69 1915.2279667558057
9457.69 1905.1527596946817
9458.69 1903.082869641851
9459.69 1896.0664198471018
9460.69 1905.1354900557506
9461.69 1896.3028044255361
9462.69 1895.0904339770796
9463.69 1892.676518538089
9464.69 1884.210376631832
9465.69 1882.9396820724087
9466.69 1873.1305947345106
9467.69 1885.3780000165557
9468.69 1869.0368564133364
9469.69 1868.2503627708795
9470.69 1863.991177166961
9471.69 1870.9093987884842
9472.69 1869.2766809917055
9473.69 1865.048677773462
9474.69 1865.3082744009157
9475.69 1851.7557987435398
9476.69 1857.8138288281918
9477.69 1842.008365533137
9478.69 1838.1033817537063
9479.69 1836.471261634492
9480.69 1842.0844216996907
9481.69 1831.2569235788105
9482.69 1841.611480173894
9483.69 1828.859020546566
9484.69 1823.206830221812
9485.69 1821.368371452325
9486.69 1833.5284178213121
9487.69 1824.4642400311216
9488.69 1816.7120437222347
9489.69 1815.6341549609856
9490.69 1815.3210561348646
9491.69 1809.6240609460735
9492.69 1809.161131887275
9493.69 1808.1724684575058
9494.69 1799.2325389872683
9495.69 1803.641396099663
9496.69 1801.57805501737
9497.69 1793.3318020462082
9498.69 1783.7947689078756
9499.69 1783.8108381120794
9500.69 1783.525204917179
9501.69 1780.034203043167
9502.69 1781.6905051458582
9503.69 1778.5609995758882
9504.69 1766.4223879509125
9505.69 1780.9669812705517
9506.69 1771.376091446148
9507.69 1760.2610668987102
9508.69 1773.6523726475214
9509.69 1757.9059965497486
9510.69 1761.6288547979607
9511.69 1758.1748630040852
9512.69 1755.3731642070477
9513.69 1756.4584612890153
9514.69 1745.550090368107
9515.69 1743.2794531742406
9516.69 1751.1575604854957
9517.69 1739.5457934012409
9518.69 1741.4826479215872
9519.69 1733.7482176339513
9520.69 1741.071744290934
9521.69 1725.9927920665878
9522.69 1725.2312560902697
9523.69 1728.2871132576877
9524.69 1718.6759779559327
9525.69 1722.5815878307928
9526.69 1713.156767513012
9527.69 1710.8470868870688
9528.69 1718.1689387758497
9529.69 1709.7235079227896
9530.69 1707.0829461115395
9531.69 1698.7973035147184
9532.69 1707.3917676795506
9533.69 1712.304360655851
9534.69 1696.3166201706256
9535.69 1702.80919904072
9536.69 1700.2827054934469
9537.69 1690.9161312581955
9538.69 1691.631150077431
9539.69 1686.604824996752
9540.69 1679.9886752085097
9541.69 1683.4472900315939
9542.69 1682.3515268336678
9543.69 1676.938976753615
9544.69 1667.3095130599772
9545.69 1676.101008637887
9546.69 1666.1567843650068
9547.69 1665.159189472849
9548.69 1671.485424866388
9549.69 1656.7921412234336
9550.69 1663.6365742451685
9551.69 1662.7674149942395
9552.69 1652.6566884698261
9553.69 1660.488835817932
9554.69 1656.481634771103
9555.69 1640.2359918015295
9556.69 1646.7352740623342
9557.69 1643.9952221439255
9558.69 1644.9367019347621
9559.69 1645.6749309595257
9560.69 1639.7645113861588
9561.69 1631.103753218793
9562.69 1628.3963929570423
9563.69 1638.639135057901
9564.69 1622.7437197353934
9565.69 1622.810231704455
9566.69 1628.1930482229793
9567.69 1617.8899910701125
9568.69 1618.8748473083933
9569.69 1610.349950937774
9570.69 1623.6963150358035
9571.69 1611.79808125036
9572.69 1607.1848581153113
9573.69 1607.6990030534987
9574.69 1608.5340277891646
9575.69 1602.679849893593
9576.69 1598.570350246672
9577.69 1605.7200636402313
9578.69 1587.6423631139746
9579.69 1595.8490066080462
9580.69 1593.1960869585564
9581.69 1591.0338903939603
9582.69 1585.1101495704315
9583.69 1576.373174890173
9584.69 1588.5272769773271
9585.69 1579.4323194495703
9586.69 1575.1702079379015
9587.69 1584.6383567162027
9588.69 1578.5061940815015
9589.69 1574.6355148605892
9590.69 1569.6030752986899
9591.69 1566.653644766739
9592.69 1574.1065258194144
9593.69 1561.9406315778745
9594.69 1565.4624783230665
9595.69 1554.6855735199833
9596.69 1558.7987681894745
9597.69 1562.476656626037
9598.69 1560.6349519864093
9599.69 1550.7764789349067
9600.69 1555.6530047837912
9601.69 1549.5454069407306
9602.69 1541.7364218506077
9603.69 1544.6757611483474
9604.69 1533.7707574362532
9605.69 1533.7049090298106
9606.69 1534.0013742711785
9607.69 1534.0826183715806
9608.69 1533.3788606693258
9609.69 1537.9338362023873
9610.69 1518.6567906166267
9611.69 1525.6459792624337
9612.69 1523.6494126450386
9613.69 1524.8351172923938
9614.69 1515.756664542062
9615.69 1518.4623280911048
9616.69 1519.417304395767
9617.69 1512.6644025113194
9618.69 1513.7807601199145
9619.69 1512.8495847535726
9620.69 1508.121302534827
9621.69 1508.6763221833965
9622.69 1497.6031487180078
9623.69 1501.9899666518697
9624.69 1496.263424987969
9625.69 1503.5566396670881
9626.69 1500.537572543926
9627.69 1492.0379976103131
9628.69 1492.7837961770124
9629.69 1491.9672080810387
9630.69 1484.9907505535566
9631.69 1487.5102410288466
9632.69 1483.1185219245967
9633.69 1481.7767331754276
9634.69 1483.56690568791
9635.69 1475.737017166847
9636.69 1475.5369640277324
9637.69 1475.5466856276096
9638.69 1463.5769363735862
9639.69 1469.8389167548644
9640.69 1468.2149995923994
9641.69 1461.383294317815
9642.69 1464.4857634307773
9643.69 1463.1644095340225
9644.69 1455.91167210844
9645.69 1457.7941412954651
9646.69 1462.848284015738
9647.69 1456.6318098626487
9648.69 1456.293180767807
9649.69 1455.008437872854
9650.69 1442.5630119281313
9651.69 1443.4746516098078
9652.69 1446.4016037029328
9653.69 1448.8254954059894
9654.69 1453.2454786806152
9655.69 1436.3207667336249
9656.69 1432.7503778980906
9657.69 1435.063557723128
9658.69 1429.1432007370117
9659.69 1426.4619256680037
9660.69 1425.9465725042187
9661.69 1433.234672943596
9662.69 1422.9365207801836
9663.69 1422.4886282307455
9664.69 1424.9680177824291
9665.69 1417.8247030848697
9666.69 1413.207293944442
9667.69 1416.5250329639357
9668.69 1417.1792929072055
9669.69 1419.7964744781675
9670.69 1407.8294296535034
9671.69 1408.645878015451
9672.69 1404.6575945458042
9673.69 1408.041507330243
9674.69 1411.345411144605
9675.69 1405.8366291893842
9676.69 1399.8608367075901
9677.69 1399.2109071942093
9678.69 1401.063983851305
9679.69 1391.333384088618
9680.69 1393.334667569758
9681.69 1396.3560703884123
9682.69 1384.041324521712
9683.69 1388.017380776897
9684.69 1390.7576023791598
9685.69 1375.67634761761
9686.69 1379.4395132822233
9687.69 1386.0479273498424
9688.69 1378.0589373505609
9689.69 1380.4948623535233
9690.69 1375.54036330747
9691.69 1367.4448055976472
9692.69 1374.09647636878
9693.69 1371.5670105727288
9694.69 1369.0918795429316
9695.69 1368.2455663654312
9696.69 1357.724667113427
9697.69 1363.131775785081
9698.69 1367.2806162236204
9699.69 1358.5604873349448
9700.69 1354.1947393186824
9701.69 1355.8985237104562
9702.69 1347.4726127493186
9703.69 1349.6612889468283
9704.69 1351.0248828586386
9705.69 1352.5834486490785
9706.69 1344.6887076803937
9707.69 1340.3340556754526
9708.69 1346.3679050188427
9709.69 1338.1558368691374
9710.69 1336.8503808802247
9711.69 1341.512197034377
9712.69 1337.8910931258047
9713.69 1335.8714280192326
9714.69 1335.0098757129144
9715.69 1336.295164484386
9716.69 1335.9029878085314
9717.69 1334.3039180582466
9718.69 1328.3152132532593
9719.69 1325.0593437788573
9720.69 1321.3075701501075
9721.69 1323.9138504592472
9722.69 1326.6423434064038
9723.69 1317.9359034318811
9724.69 1315.5020823896848
9725.69 1310.9085745845055
9726.69 1312.5177652359694
9727.69 1306.799753732731
9728.69 1314.5708248603412
9729.69 1315.1876426786305
9730.69 1308.8868705684342
9731.69 1306.1302468068395
9732.69 1306.3336352579634
9733.69 1302.355240228509
9734.69 1301.6469857012441
9735.69 1297.9161345818338
9736.69 1297.7776935274098
9737.69 1297.139913061003
9738.69 1293.3836111726648
9739.69 1301.2251685669198
9740.69 1296.4941282066538
