# BEGIN YODA_HISTO1D /MC/untitled
Path=/MC/untitled
ScaledBy=1.0
Title=
Type=Histo1D
# ID	ID	sumw	sumw2	sumwx	sumwx2	numEntries
Total	Total	9.878426e+03	1.258160e+04	8.238796e+07	1.047867e+08	20000
Underflow	Underflow	0.000000e+00	0.000000e+00	0.000000e+00	0.000000e+00	0
Overflow	Overflow	1.461942e+01	1.174601e+00	1.422252e+05	1.142748e+04	217
# xlow	xhigh	sumw	sumw2	sumwx	sumwx2	numEntries
7.005690e+03	7.033050e+03	1.097057e+01	6.577184e-01	7.700313e+04	4.616823e+03	197
7.033050e+03	7.060410e+03	1.113806e+01	6.859021e-01	7.848102e+04	4.833154e+03	194
7.060410e+03	7.087770e+03	1.230588e+01	8.004516e-01	8.705866e+04	5.663073e+03	202
7.087770e+03	7.115130e+03	1.293442e+01	8.645305e-01	9.185337e+04	6.139540e+03	207
7.115130e+03	7.142490e+03	1.450683e+01	1.024103e+00	1.034130e+05	7.300624e+03	219
7.142490e+03	7.169850e+03	1.382045e+01	1.026921e+00	9.890055e+04	7.348903e+03	198
7.169850e+03	7.197210e+03	1.533945e+01	1.190857e+00	1.102042e+05	8.555742e+03	209
7.197210e+03	7.224570e+03	1.523268e+01	1.221872e+00	1.098443e+05	8.811451e+03	202
7.224570e+03	7.251930e+03	1.701510e+01	1.426152e+00	1.231592e+05	1.032304e+04	215
7.251930e+03	7.279290e+03	1.397023e+01	1.188685e+00	1.015046e+05	8.637001e+03	173
7.279290e+03	7.306650e+03	1.664337e+01	1.526059e+00	1.213887e+05	1.113076e+04	191
7.306650e+03	7.334010e+03	2.160244e+01	2.100218e+00	1.581426e+05	1.537516e+04	233
7.334010e+03	7.361370e+03	1.908119e+01	2.011493e+00	1.402004e+05	1.477961e+04	190
7.361370e+03	7.388730e+03	2.191550e+01	2.374423e+00	1.615815e+05	1.750610e+04	213
7.388730e+03	7.416090e+03	2.032087e+01	2.390419e+00	1.504297e+05	1.769641e+04	182
7.416090e+03	7.443450e+03	2.328272e+01	2.806347e+00	1.729886e+05	2.085131e+04	203
7.443450e+03	7.470810e+03	2.424847e+01	3.156442e+00	1.808346e+05	2.354000e+04	195
7.470810e+03	7.498170e+03	2.783832e+01	3.909276e+00	2.083643e+05	2.926015e+04	208
7.498170e+03	7.525530e+03	2.902924e+01	4.272605e+00	2.181021e+05	3.210152e+04	207
7.525530e+03	7.552890e+03	3.145248e+01	4.973033e+00	2.371634e+05	3.749982e+04	209
7.552890e+03	7.580250e+03	3.507271e+01	6.030376e+00	2.653957e+05	4.563352e+04	214
7.580250e+03	7.607610e+03	3.917598e+01	7.451142e+00	2.974910e+05	5.658451e+04	216
7.607610e+03	7.634970e+03	3.815270e+01	7.402641e+00	2.907599e+05	5.641568e+04	206
7.634970e+03	7.662330e+03	4.221317e+01	9.098008e+00	3.228607e+05	6.958778e+04	206
7.662330e+03	7.689690e+03	4.758575e+01	1.104528e+01	3.652747e+05	8.478601e+04	216
7.689690e+03	7.717050e+03	5.186686e+01	1.262742e+01	3.995556e+05	9.727982e+04	224
7.717050e+03	7.744410e+03	4.492613e+01	1.214943e+01	3.472905e+05	9.392191e+04	175
7.744410e+03	7.771770e+03	5.652920e+01	1.660061e+01	4.385562e+05	1.287905e+05	203
7.771770e+03	7.799130e+03	5.983852e+01	1.867036e+01	4.658682e+05	1.453602e+05	201
7.799130e+03	7.826490e+03	7.881856e+01	2.802230e+01	6.158070e+05	2.189472e+05	234
7.826490e+03	7.853850e+03	7.144536e+01	2.805683e+01	5.602069e+05	2.200043e+05	192
7.853850e+03	7.881210e+03	9.331323e+01	4.168607e+01	7.342405e+05	3.280238e+05	221
7.881210e+03	7.908570e+03	9.689249e+01	4.568606e+01	7.649659e+05	3.607058e+05	217
7.908570e+03	7.935930e+03	9.951408e+01	5.111250e+01	7.883976e+05	4.049396e+05	205
7.935930e+03	7.963290e+03	1.123536e+02	6.869657e+01	8.931914e+05	5.461559e+05	195
7.963290e+03	7.990650e+03	1.211427e+02	8.033019e+01	9.665193e+05	6.409551e+05	194
7.990650e+03	8.018010e+03	1.414076e+02	1.034361e+02	1.131859e+06	8.279384e+05	205
8.018010e+03	8.045370e+03	1.745489e+02	1.453805e+02	1.402042e+06	1.167803e+06	221
8.045370e+03	8.072730e+03	1.714343e+02	1.624815e+02	1.381680e+06	1.309586e+06	192
8.072730e+03	8.100090e+03	2.090082e+02	2.192716e+02	1.690049e+06	1.773076e+06	210
8.100090e+03	8.127450e+03	2.198147e+02	2.606231e+02	1.783324e+06	2.114466e+06	197
8.127450e+03	8.154810e+03	2.715110e+02	3.718860e+02	2.210404e+06	3.027674e+06	211
8.154810e+03	8.182170e+03	3.060208e+02	4.854782e+02	2.499908e+06	3.966036e+06	207
8.182170e+03	8.209530e+03	3.228930e+02	5.588605e+02	2.646467e+06	4.580738e+06	201
8.209530e+03	8.236890e+03	3.160878e+02	6.218890e+02	2.599160e+06	5.113843e+06	174
8.236890e+03	8.264250e+03	3.928945e+02	8.287492e+02	3.241804e+06	6.838390e+06	202
8.264250e+03	8.291610e+03	4.335425e+02	9.465387e+02	3.588748e+06	7.835295e+06	214
8.291610e+03	8.318970e+03	3.704402e+02	8.718374e+02	3.076468e+06	7.240632e+06	171
8.318970e+03	8.346330e+03	4.312567e+02	1.002002e+03	3.593313e+06	8.348897e+06	201
8.346330e+03	8.373690e+03	4.084804e+02	9.037055e+02	3.414887e+06	7.554537e+06	200
8.373690e+03	8.401050e+03	4.113846e+02	8.767814e+02	3.450199e+06	7.353192e+06	209
8.401050e+03	8.428410e+03	3.719385e+02	7.151374e+02	3.129812e+06	6.017484e+06	210
8.428410e+03	8.455770e+03	3.037110e+02	5.265485e+02	2.563634e+06	4.444464e+06	189
8.455770e+03	8.483130e+03	2.767579e+02	4.591563e+02	2.343966e+06	3.888758e+06	181
8.483130e+03	8.510490e+03	2.679360e+02	3.891636e+02	2.276414e+06	3.306351e+06	201
8.510490e+03	8.537850e+03	2.109936e+02	2.741830e+02	1.798329e+06	2.336771e+06	178
8.537850e+03	8.565210e+03	2.471458e+02	2.898141e+02	2.113325e+06	2.478128e+06	230
8.565210e+03	8.592570e+03	1.891571e+02	1.976120e+02	1.622627e+06	1.695124e+06	201
8.592570e+03	8.619930e+03	1.729383e+02	1.622095e+02	1.488473e+06	1.396130e+06	202
8.619930e+03	8.647290e+03	1.454456e+02	1.268747e+02	1.255553e+06	1.095165e+06	184
8.647290e+03	8.674650e+03	1.324388e+02	1.004556e+02	1.147060e+06	8.700409e+05	194
8.674650e+03	8.702010e+03	1.110965e+02	6.953468e+01	9.652475e+05	6.041549e+05	192
8.702010e+03	8.729370e+03	1.072940e+02	6.383261e+01	9.351794e+05	5.563267e+05	199
8.729370e+03	8.756730e+03	7.655664e+01	3.952904e+01	6.693278e+05	3.455830e+05	164
8.756730e+03	8.784090e+03	9.157278e+01	4.667156e+01	8.031157e+05	4.093105e+05	200
8.784090e+03	8.811450e+03	7.052180e+01	3.188979e+01	6.204891e+05	2.805868e+05	171
8.811450e+03	8.838810e+03	8.008252e+01	3.457987e+01	7.067811e+05	3.051912e+05	206
8.838810e+03	8.866170e+03	6.796003e+01	2.680272e+01	6.016063e+05	2.372594e+05	195
8.866170e+03	8.893530e+03	5.569025e+01	2.005386e+01	4.945200e+05	1.780751e+05	174
8.893530e+03	8.920890e+03	4.369311e+01	1.330440e+01	3.891835e+05	1.185025e+05	159
8.920890e+03	8.948250e+03	6.042052e+01	1.825028e+01	5.397942e+05	1.630459e+05	224
8.948250e+03	8.975610e+03	4.959199e+01	1.485447e+01	4.444387e+05	1.331237e+05	187
8.975610e+03	9.002970e+03	4.796852e+01	1.325684e+01	4.311653e+05	1.191527e+05	197
9.002970e+03	9.030330e+03	4.717384e+01	1.179828e+01	4.253535e+05	1.063824e+05	210
9.030330e+03	9.057690e+03	4.711990e+01	1.131217e+01	4.261834e+05	1.023142e+05	223
9.057690e+03	9.085050e+03	3.727786e+01	8.168525e+00	3.381512e+05	7.409399e+04	191
9.085050e+03	9.112410e+03	3.538164e+01	7.286300e+00	3.219117e+05	6.628989e+04	194
9.112410e+03	9.139770e+03	3.516000e+01	7.013512e+00	3.208588e+05	6.400066e+04	202
9.139770e+03	9.167130e+03	3.566121e+01	6.895277e+00	3.263985e+05	6.310659e+04	213
9.167130e+03	9.194490e+03	3.111230e+01	5.525461e+00	2.856479e+05	5.073003e+04	198
9.194490e+03	9.221850e+03	2.910768e+01	5.082462e+00	2.680142e+05	4.679747e+04	193
9.221850e+03	9.249210e+03	2.357812e+01	3.792281e+00	2.177595e+05	3.502364e+04	168
9.249210e+03	9.276570e+03	2.302381e+01	3.454716e+00	2.132926e+05	3.200265e+04	176
9.276570e+03	9.303930e+03	2.727227e+01	4.005915e+00	2.533538e+05	3.721247e+04	214
9.303930e+03	9.331290e+03	2.460264e+01	3.298416e+00	2.292325e+05	3.073259e+04	209
9.331290e+03	9.358650e+03	2.134488e+01	2.950175e+00	1.994849e+05	2.757068e+04	181
9.358650e+03	9.386010e+03	2.122108e+01	2.771646e+00	1.988961e+05	2.597680e+04	189
9.386010e+03	9.413370e+03	2.174113e+01	2.601732e+00	2.043491e+05	2.445441e+04	209
9.413370e+03	9.440730e+03	1.930580e+01	2.198153e+00	1.820188e+05	2.072384e+04	196
9.440730e+03	9.468090e+03	1.789858e+01	2.018992e+00	1.692198e+05	1.908839e+04	186
9.468090e+03	9.495450e+03	1.786605e+01	1.846550e+00	1.694030e+05	1.750812e+04	200
9.495450e+03	9.522810e+03	1.649658e+01	1.802986e+00	1.568644e+05	1.714415e+04	176
9.522810e+03	9.550170e+03	1.574527e+01	1.559440e+00	1.501697e+05	1.487330e+04	187
9.550170e+03	9.577530e+03	1.500285e+01	1.441885e+00	1.434905e+05	1.379070e+04	182
9.577530e+03	9.604890e+03	1.653550e+01	1.519109e+00	1.585886e+05	1.456956e+04	212
9.604890e+03	9.632250e+03	1.643802e+01	1.442231e+00	1.581234e+05	1.387371e+04	220
9.632250e+03	9.659610e+03	1.431902e+01	1.215718e+00	1.381421e+05	1.172893e+04	200
9.659610e+03	9.686970e+03	1.490690e+01	1.284677e+00	1.441974e+05	1.242657e+04	207
9.686970e+03	9.714330e+03	1.538821e+01	1.234089e+00	1.492807e+05	1.197140e+04	228
9.714330e+03	9.741690e+03	0.000000e+00	0.000000e+00	0.000000e+00	0.000000e+00	0
# END YODA_HISTO1D
